0.9075430035591125 0.39633306860923767 0.05408123508095741 -0.030633237212896347 0.25814223289489746 0.15074771642684937 0.15523040294647217 -0.821298360824585 -0.24010378122329712 -0.4700101315975189 0.6260280013084412 0.335466206073761 0.504336416721344 -0.06662093847990036 -0.042685478925704956
1.0055418014526367 0.4797438383102417 -0.01488757599145174 -0.7194852232933044 0.2772442102432251 0.14206331968307495 0.10107949376106262 -0.17270523309707642 0.3712044656276703 -1.0563627481460571 0.3319856822490692 -0.23277172446250916 0.16919535398483276 -0.10808224231004715 -0.12861068546772003
-0.12160743027925491 -0.011190593242645264 -0.5971400141716003 -0.15050524473190308 -0.298866331577301 0.263896644115448 0.44911858439445496 0.24894705414772034 -1.060431957244873 -0.6421875357627869 -0.13720707595348358 0.065171979367733 0.3662494421005249 0.30232346057891846 0.2502348721027374
0.36840757727622986 -0.48766016960144043 -0.8146666884422302 -0.17254704236984253 -0.14235740900039673 -0.13164202868938446 0.41949284076690674 0.02782927080988884 -0.7132789492607117 -0.27356937527656555 0.04515630379319191 0.5513231754302979 0.09192910045385361 0.31539997458457947 -0.12191826850175858
0.9270008206367493 0.7346591949462891 -0.15655377507209778 -0.3089759349822998 0.10473986715078354 0.5208576917648315 -0.005815432406961918 -0.5451842546463013 0.23203621804714203 -0.5633126497268677 0.6254206299781799 0.15256822109222412 0.07825926691293716 0.7505646347999573 -0.12571921944618225
0.18767023086547852 -0.53119957447052 -0.3305758833885193 -0.5418259501457214 -0.21906346082687378 0.2604917883872986 0.33804628252983093 0.35700422525405884 -0.5345865488052368 -0.4442044198513031 -0.2382238209247589 0.6172364950180054 0.6145461797714233 -0.0016384109621867537 0.24484285712242126
0.595065712928772 0.14540407061576843 -0.8965455293655396 -0.09590575844049454 0.3705485761165619 0.5554971098899841 -0.1176404356956482 0.3893115222454071 -0.41580140590667725 0.3646949529647827 -0.5318308472633362 -0.5832663178443909 0.35173356533050537 -0.26735371351242065 -0.6963931322097778
0.8416010141372681 0.21006368100643158 -0.41950279474258423 -0.5327064394950867 0.7131238579750061 0.10507543385028839 0.12621425092220306 -0.19081749022006989 -0.03465879335999489 -1.015889048576355 0.12925639748573303 0.17540650069713593 -0.23581400513648987 0.005442569963634014 -0.7742311954498291
0.4495123624801636 -0.0591413639485836 -0.5380950570106506 0.37554535269737244 0.05376700311899185 0.47231927514076233 -0.3302103281021118 -0.1397743672132492 -0.05111456289887428 0.11137601733207703 -0.2073076367378235 -0.056407928466796875 0.7481043338775635 -0.13761956989765167 0.26223400235176086
0.24283185601234436 -0.05268474668264389 -0.5620411038398743 -0.1101570725440979 0.1654326617717743 0.8828964233398438 -0.5367063283920288 -0.07673943787813187 0.17851150035858154 0.4005795121192932 -0.336871474981308 0.43893957138061523 0.9102632999420166 -0.26975083351135254 0.005427205935120583
0.3119398355484009 -0.005977450404316187 -0.8455808758735657 -0.1576533168554306 0.18294884264469147 0.2901376485824585 -0.3045724332332611 0.3343062102794647 -0.2880059480667114 0.05975474789738655 -0.05150729417800903 0.003919812384992838 -0.05181484669446945 0.010666392743587494 0.1577209085226059
0.5123694539070129 -0.18077154457569122 -0.5036602020263672 -0.780735194683075 0.006731091067194939 0.7759352922439575 0.12602393329143524 0.17629027366638184 -0.04822029918432236 0.3233012557029724 -0.28500843048095703 -0.049397118389606476 0.22055773437023163 0.015021703206002712 0.06516213715076447
0.16232670843601227 -0.08248975872993469 -0.6805179715156555 0.006541769951581955 -0.08981651812791824 0.06767640262842178 0.4342174530029297 0.18683704733848572 -0.6871078014373779 -0.47862452268600464 -0.10983332246541977 -0.10743176937103271 0.0716463029384613 0.5244342088699341 0.9278357625007629
0.5610450506210327 -0.5801111459732056 -0.39302974939346313 -1.0081218481063843 0.4854961931705475 -0.03671128302812576 -0.8494323492050171 -0.03755078837275505 -0.880021870136261 0.21040591597557068 0.3522127866744995 -1.001355767250061 0.3250078856945038 -0.023693282157182693 0.27237698435783386
0.8119077682495117 1.4146791696548462 -0.26008424162864685 -0.10373605787754059 0.5652698278427124 -0.028809448704123497 -0.0821341797709465 -0.16058284044265747 0.09871463477611542 -1.1331342458724976 0.34725627303123474 -0.05836888775229454 0.40890517830848694 -0.14457139372825623 0.34095969796180725
0.4294966757297516 0.11215957999229431 -0.9226362109184265 0.18785430490970612 -0.21164807677268982 0.8122060298919678 -0.2981058657169342 0.5054614543914795 -0.10667168349027634 0.7057124376296997 0.6948198676109314 0.20183774828910828 0.5187205076217651 -0.31817978620529175 -0.12465241551399231
0.5503718256950378 -0.08191942423582077 -0.821727454662323 -0.11196436733007431 0.7139849662780762 0.3758944869041443 -1.2438595294952393 0.11176496744155884 0.2984071373939514 0.30688512325286865 -0.5205832719802856 0.34534770250320435 0.2869093418121338 0.412452757358551 0.5941912531852722
-0.1483887881040573 -1.109229564666748 -0.6293866038322449 0.32613405585289 1.1502968072891235 2.094006299972534 1.1455078125 -0.4922345280647278 -0.20547565817832947 -0.608288049697876 0.010184498503804207 -0.19743698835372925 0.2869034707546234 0.07897590100765228 0.9108941555023193
0.4128994345664978 -0.3486367166042328 -1.8831980228424072 -0.183815136551857 -0.654181718826294 -0.5188019275665283 1.1078165769577026 -0.356381893157959 0.04753967002034187 0.006664035376161337 -0.009752989746630192 -0.014440148137509823 0.1619677096605301 -0.7508518099784851 0.27903521060943604
-0.7587718963623047 0.8491289615631104 -1.414442539215088 -0.1651662439107895 -0.07844291627407074 0.601844310760498 -0.1763705462217331 -0.7337962985038757 -0.45616474747657776 -0.3167192339897156 0.03217172622680664 0.4493996500968933 0.016611872240900993 -0.08182788640260696 -0.24118952453136444
0.7680684924125671 0.5678050518035889 -0.13743120431900024 -0.10265015065670013 0.7207692265510559 0.13252870738506317 0.028918908908963203 0.446591317653656 -0.111588254570961 -0.5723976492881775 0.21250633895397186 0.34496545791625977 0.41175106167793274 -0.7547721862792969 0.24631032347679138
-0.47167736291885376 0.08056668937206268 -0.915437638759613 -0.2629375159740448 -0.5168030858039856 0.461469829082489 -0.5850247740745544 -0.08929915726184845 0.01825229823589325 -0.9081748723983765 0.5794062614440918 0.17735381424427032 0.43077588081359863 0.07240089774131775 -0.03848348930478096
0.676606297492981 0.2529013156890869 -1.1989500522613525 -0.0010063833324238658 -0.5515046119689941 0.47671398520469666 0.081545889377594 -0.17383255064487457 0.024406204000115395 0.5991712808609009 -0.4588174819946289 0.0348348468542099 0.044552285224199295 0.4541255831718445 0.054504476487636566
0.7999534010887146 0.22132526338100433 -0.17170459032058716 -0.9338169693946838 -0.11338207125663757 0.2797356843948364 -0.036577675491571426 -0.17513185739517212 -0.7955676317214966 0.641044557094574 -0.17560866475105286 -0.110933817923069 0.9932047128677368 0.1906004548072815 1.0326530933380127
0.26219746470451355 -0.6388900876045227 -1.0956435203552246 -0.14948438107967377 -0.6227431893348694 0.568489670753479 -0.5337460041046143 0.5004587769508362 0.5862675309181213 -0.5758178234100342 -0.013746379874646664 -0.38474708795547485 0.9765446186065674 -0.2545973062515259 -0.6729190349578857
1.085116982460022 0.26021483540534973 -0.20942597091197968 -0.35324278473854065 0.40741264820098877 -0.253304123878479 -0.2760293185710907 -0.20065589249134064 -0.3501477837562561 -0.4752706289291382 0.010517627000808716 0.34787625074386597 0.3428867757320404 0.21775710582733154 -0.06068236753344536
0.13832038640975952 -0.399365097284317 -0.8755080699920654 0.021453725174069405 -0.06988223642110825 0.005004807375371456 0.11655066162347794 -0.47328364849090576 -0.683853030204773 -0.1769891232252121 -0.010343496687710285 0.2218925952911377 0.3184809982776642 0.48518678545951843 0.6100111603736877
0.12873125076293945 0.20531056821346283 -0.5809999108314514 -0.3842053711414337 0.06386374682188034 0.2434310019016266 -0.14054229855537415 -0.3939211368560791 -0.20977938175201416 0.3714442849159241 -0.24445004761219025 -0.010836854577064514 0.5173805952072144 -0.014132400043308735 0.15713870525360107
