0.6400872468948364 0.17505432665348053 0.3441665768623352 0.37974703311920166 -0.1334124207496643 -0.40742701292037964 0.476370632648468 -0.5741949677467346 -0.3852636516094208 0.32118654251098633 0.0884254053235054 1.0431649684906006 -0.4346482753753662 -0.5132723450660706 -0.040317337960004807
0.32436636090278625 0.6430006623268127 0.18771447241306305 -0.508855402469635 0.2129157930612564 0.45704972743988037 0.04545789957046509 0.7360745072364807 0.21287629008293152 0.5009685158729553 -0.5198623538017273 0.17277024686336517 -0.7571485638618469 0.015156454406678677 -1.002583384513855
0.6598683595657349 -0.03706475719809532 0.1835537701845169 0.7948591709136963 -0.38583746552467346 -0.5124399065971375 -0.07217558473348618 0.011752337217330933 -0.08419248461723328 0.3530886471271515 -0.12059281766414642 -0.2051900327205658 -0.5509068369865417 -0.7239373922348022 -0.22816680371761322
0.7837682366371155 -0.16842316091060638 0.2090529203414917 0.296993613243103 -0.09758836030960083 -0.02642004005610943 0.6502045392990112 -0.5361538529396057 -0.0024430251214653254 0.1920747011899948 -0.042641494423151016 0.1915101855993271 -0.2548597753047943 -0.5379431843757629 -0.13348886370658875
0.8053787350654602 0.4955262541770935 0.0935932844877243 -0.3082972764968872 -0.21677882969379425 0.32806146144866943 -0.4533442258834839 -0.593868613243103 0.1589576154947281 -0.018086187541484833 0.043130435049533844 0.11680839210748672 -0.3499816954135895 -0.6590266227722168 0.5613799095153809
0.8497819304466248 0.7626916766166687 0.32659751176834106 -0.02339882031083107 -0.08666465431451797 0.49159520864486694 0.7064036130905151 0.8410150408744812 -0.017927464097738266 0.2775101363658905 -1.418969750404358 0.34097820520401 0.020351586863398552 0.3678784966468811 -0.03483119606971741
0.15265488624572754 -0.5753327012062073 -0.1995733231306076 0.36343616247177124 -0.17416197061538696 0.8687906861305237 0.13165095448493958 0.025335384532809258 0.5591684579849243 0.1765591949224472 -0.4106157124042511 0.43347036838531494 0.0006749791209585965 -0.7449635863304138 0.15804530680179596
0.5115524530410767 -0.32350489497184753 -0.20288847386837006 0.10517457127571106 0.19624003767967224 0.07767128944396973 -0.1327027827501297 0.3199668228626251 0.47724398970603943 0.27848049998283386 -0.26964226365089417 0.21161749958992004 0.498832643032074 -1.0067245960235596 0.3371230661869049
0.36300915479660034 0.6377079486846924 0.04382571950554848 0.2332795113325119 -0.06978706270456314 0.09784743189811707 -0.4561026096343994 0.1751270443201065 0.08809830248355865 0.005059321876615286 -0.44670894742012024 0.5212467312812805 0.034988801926374435 -0.11000490933656693 -0.4707103669643402
0.6340571045875549 -0.06803347170352936 -0.324869841337204 -0.15764674544334412 0.22293192148208618 0.39679163694381714 -0.036357440054416656 -0.27339839935302734 -0.3143567442893982 0.2822515070438385 -0.03679129481315613 -0.15468837320804596 -0.13063138723373413 -0.5972476601600647 -0.400827020406723
0.9411563277244568 0.7783908247947693 0.5472680330276489 0.623498797416687 -0.025202851742506027 0.815456748008728 -0.4878382086753845 0.7472600340843201 0.6142670512199402 0.5643882751464844 -0.07056303322315216 -0.03477417677640915 -0.001635551918298006 0.5321672558784485 -0.30710163712501526
0.261265367269516 -0.5453972816467285 -0.41291919350624084 0.6381227374076843 0.38019323348999023 0.8719491958618164 0.024761438369750977 0.10225491225719452 -0.2996811866760254 0.49131423234939575 0.1483478844165802 -0.04007839411497116 0.12569358944892883 -0.4668111503124237 -0.7384531497955322
-0.2333150953054428 0.1956714689731598 0.12481968849897385 0.17961342632770538 -0.1753060221672058 0.3540744483470917 -0.2994438409805298 -0.4325191080570221 -0.26291516423225403 0.2579748332500458 -0.27735844254493713 0.4279087483882904 -0.1733815222978592 -0.7313427925109863 -0.2735764682292938
0.9241548776626587 0.5734646320343018 0.4719182848930359 0.1640511453151703 0.23244179785251617 0.6902649998664856 -0.1231168881058693 0.3479419946670532 0.5938745141029358 0.7897235751152039 0.03658657893538475 0.050392281264066696 -0.19571590423583984 0.5613837838172913 -0.34334617853164673
0.8303185105323792 0.6062083840370178 0.2856345772743225 0.5390639901161194 0.28875821828842163 0.9625076055526733 0.18379202485084534 0.4602365791797638 0.17434145510196686 1.1301757097244263 -0.23013873398303986 0.42658939957618713 -0.3985741138458252 0.8875474333763123 0.12632881104946136
0.05377974361181259 -0.09123136103153229 -0.09144512563943863 -0.1914941966533661 0.21198982000350952 -0.002717965515330434 -0.4277740716934204 -0.13361521065235138 -0.19767244160175323 0.6292158365249634 -0.2942153215408325 0.023734381422400475 -0.022846190258860588 -0.7851293087005615 -0.4536426365375519
0.6811003684997559 0.32165589928627014 0.24327944219112396 -0.16821999847888947 -0.14862650632858276 0.24844180047512054 -0.23619145154953003 0.11617154628038406 -0.02900482900440693 0.49819865822792053 -0.026490338146686554 0.45556148886680603 -0.112087182700634 0.16180482506752014 -0.6102500557899475
0.28220683336257935 -0.31734877824783325 -0.17763067781925201 0.10565173625946045 0.1350923329591751 -0.20383578538894653 -0.5515121817588806 0.1613062620162964 0.32913461327552795 0.6996350288391113 -0.6342707276344299 -0.0817461758852005 0.13463522493839264 -0.8258331418037415 0.2846585512161255
0.5233897566795349 -0.04565844312310219 -0.261464923620224 0.09585276991128922 0.5871800780296326 -0.032988909631967545 -0.32112082839012146 -0.14058640599250793 -0.2045346051454544 0.18084342777729034 -0.2472539097070694 -0.323106586933136 0.6296008229255676 -0.7979016304016113 -0.4320395886898041
0.48789775371551514 0.8902789950370789 1.2645294666290283 0.6351965069770813 0.14074161648750305 0.8166664838790894 0.0864788293838501 0.3532147705554962 0.6126401424407959 0.8880228400230408 -0.23066559433937073 -0.346672922372818 0.8191285133361816 0.4638219177722931 -0.2547946274280548
-0.09801045805215836 -0.0243892390280962 -0.34049713611602783 -0.006891944445669651 0.4523344933986664 0.03650479018688202 -0.6615620255470276 -0.05545435845851898 -0.4163196384906769 1.0030773878097534 -0.5252872705459595 -0.02277371846139431 0.019113406538963318 -0.7103241682052612 0.07526034116744995
1.0353144407272339 0.5268440246582031 0.4375615417957306 0.012834226712584496 -0.3172794282436371 0.29610076546669006 -0.27309709787368774 0.511932373046875 0.27068859338760376 0.27450257539749146 -0.17130810022354126 0.2653447091579437 -0.0002546120376791805 0.2962270677089691 -0.5556417107582092
1.0647079944610596 0.5323686003684998 0.4205457270145416 0.6982367634773254 -0.24655205011367798 0.39399152994155884 -0.5829494595527649 0.04627154394984245 0.3051435351371765 -0.3642791211605072 -0.6128666996955872 0.5052184462547302 0.28472912311553955 0.722882866859436 -0.671863853931427
0.12366721779108047 -0.359639048576355 0.037299592047929764 0.20502696931362152 -0.5208702683448792 0.4754835069179535 -0.4514131546020508 0.15468792617321014 -0.5466665625572205 0.24655966460704803 -0.272055983543396 0.2397160530090332 0.20752812922000885 -0.7422277927398682 -0.41368064284324646
0.3515790104866028 0.9530849456787109 0.3906180262565613 0.46238040924072266 -0.7190741300582886 0.5538250803947449 -0.0985468402504921 0.1900586187839508 -1.0866684913635254 0.33505627512931824 -0.4221142828464508 -0.6926358938217163 -0.07741870731115341 -0.7147891521453857 0.668733537197113
0.08612766861915588 0.9704767465591431 1.0194779634475708 0.44996780157089233 0.08843842893838882 0.260180801153183 -0.11477313935756683 0.46247485280036926 0.062114130705595016 0.9394619464874268 0.4628417491912842 0.5639994740486145 0.3103522062301636 -0.2505435645580292 -0.459262490272522
0.5263001322746277 0.09186258912086487 0.1276831179857254 -0.6022883057594299 0.41373637318611145 0.11593186855316162 0.24439261853694916 0.4320552945137024 0.28292134404182434 0.32403814792633057 0.1429285854101181 0.39152759313583374 0.08967515081167221 -1.4944267272949219 -0.04407616704702377
0.3985916078090668 -0.5620807409286499 -0.1776074767112732 -0.5878329873085022 -0.14353923499584198 0.20694220066070557 -0.5147342085838318 -0.6922177076339722 -0.9035155177116394 1.482736587524414 -0.4554527699947357 0.8364067077636719 -0.10108581930398941 -0.05064062029123306 0.3510766327381134
1.0445553064346313 0.6549487709999084 0.6887046098709106 0.611060619354248 0.35840940475463867 0.954397439956665 0.15314102172851562 0.6455399990081787 0.2787129282951355 0.8286417722702026 -0.28347039222717285 0.7690680623054504 0.31582242250442505 0.8794428110122681 -0.0015182491624727845
0.5856629014015198 0.2760274112224579 -0.07892067730426788 -0.24484483897686005 0.4141475558280945 0.7387980222702026 -0.06044355779886246 -0.7901453375816345 -0.015104919672012329 -0.2548369765281677 0.19224141538143158 0.1520136445760727 0.46225863695144653 -0.847000241279602 0.022816728800535202
0.38271018862724304 -0.1269368678331375 -0.0691804364323616 -0.008769355714321136 0.18107779324054718 0.5124755501747131 0.26332712173461914 -0.5349494814872742 -0.3193788528442383 0.008848970755934715 -0.37143152952194214 -0.20880912244319916 0.44172370433807373 -0.6122354865074158 -0.44343528151512146
0.5582025051116943 0.8672797679901123 -0.2278403490781784 0.5568642020225525 1.3524999618530273 -0.16611464321613312 0.22927582263946533 -1.031346082687378 -0.21952034533023834 0.1420643925666809 -0.7826182842254639 0.62842857837677 -0.03422267362475395 -0.06480813026428223 -0.2102067470550537
0.7760990262031555 0.1863355040550232 -0.241525337100029 0.04874304682016373 0.0017172589432448149 0.4487670958042145 0.026679752394557 -0.4731682240962982 -0.07388748228549957 -0.14330390095710754 -0.2238885760307312 -0.2531106770038605 -0.1244276762008667 -0.7054135799407959 0.07547231018543243
0.5708433389663696 0.7279781699180603 0.4982242286205292 0.8803796172142029 -0.006039360538125038 0.6124309301376343 -1.165012240409851 0.023994408547878265 0.5750200152397156 0.3618260324001312 -0.27109411358833313 1.0119106769561768 -0.16698941588401794 0.8301783800125122 -0.2431461364030838
0.532129168510437 -0.04964002966880798 -0.3669108748435974 0.32181477546691895 0.44903597235679626 0.4130879342556 -0.15282733738422394 -0.3318552076816559 0.41950371861457825 -0.08710846304893494 -0.41285616159439087 -0.02717776410281658 0.21734772622585297 -0.7943537831306458 0.2954622507095337
1.2164250612258911 0.05330924689769745 1.7998367547988892 0.37509486079216003 -0.5746145844459534 0.45645102858543396 -0.6272440552711487 0.09768538177013397 0.4930710792541504 1.2168790102005005 -0.0044738370925188065 -0.10807552933692932 1.2102758884429932 1.0606423616409302 -0.8149386048316956
0.7097072601318359 -0.7648335695266724 0.15299834311008453 0.23524950444698334 -0.0891251266002655 0.2821256220340729 -0.11782627552747726 -0.6644327640533447 0.36332422494888306 -0.08535560965538025 -0.40526142716407776 -0.5378803610801697 0.2510763704776764 -0.7826781272888184 -0.4944480359554291
0.176468163728714 -0.3514879047870636 -0.18485212326049805 0.3599400818347931 0.3938754200935364 0.7640271782875061 -0.3874978721141815 -0.4334048926830292 -0.0485294945538044 -0.26513075828552246 -0.010834950022399426 0.45605412125587463 0.42646878957748413 -0.6630668044090271 -0.6952528357505798
