2.309487041688494 -0.05277813262509631 -1.3522959247640112 0.16184870701326637 -0.7446988316577253 -0.3467549417344266 -0.4051459062239082 -0.21436855850089312 -0.2450113725195492 0.09820484561148597 -0.022684231908564244 -0.09592593958411622 -0.2493865164382038 -0.04992220741047488 -0.07610105277594197 -0.13301184108902964 0.01835609494310436 0.019810460743527113 -0.03446839648450019 -0.057277518477768664 0.004465859587950009 -0.0010465726652351805 0.003883230880664639 -0.004409147099505027 -0.0036160526268159943 -0.0007047155914898888 -3.709930611315973e-05
1.710551237413313 -0.04567470192519983 -1.2771099415213831 -0.8493298074489369 0.1634424115222001 0.488307980575092 -0.0784489034945857 -0.07260220667715342 0.49766550090158457 -0.3575165274859046 0.23732401268913172 0.3560131063440219 0.14635316944941926 -0.04761759080517839 0.05983298849807859 0.03002614987393097 -0.008110407947327517 -0.010687035621762713 0.009875190151270754 0.03679409411647371 -0.010033391821180182 0.0002507196828257521 -0.0015751600469404014 0.0022875628731474974 0.001928975034402633 0.0004152589820305037 1.897152119993284e-05
1.498784100061266 -0.03088127439237722 -0.44772547215378045 1.143425950374494 -0.1908826066193003 -0.43162498862569154 0.8833802438397795 0.09206238362475601 0.3024302546799595 0.18449508284154525 -0.18904272631692118 0.1908020391231031 0.25524454811977754 0.05027836062065649 -0.050885506392262664 0.06835882922603262 -0.018067115533696238 -0.007586633165031791 0.0009387352595889962 0.027827824007449764 0.0129380638940485 -0.005647881299016748 0.0012801508694600526 0.0017282472092406775 0.0025072035535440196 4.890978506192347e-05 2.339814753930144e-05
0.5727117240118103 -0.015022576419633168 -0.1357929053902806 -0.3187022927192226 0.4060920179186492 -0.2924682054863792 0.28648378398714947 0.4792251100475676 -0.25905472349603026 0.5250133623711609 0.6848873797555622 0.20991238673458165 -0.22286985491085126 0.01657772917268906 0.027200959945814816 0.0403300548772319 0.048280517668184586 -0.03510032514177907 -0.013504585574255672 0.0013906233182377108 -0.010825218015413297 0.0030199225258899856 -0.0005254048963420287 0.00014795155220219237 -0.00022319372944835039 -2.576600875544893e-05 -7.10573489384209e-06
1.3508241429577446 -0.031042596017247362 0.11642939552767112 -0.4620709676578456 0.18698074218251584 0.6477597611679751 -0.10729158323551347 -0.19283509424774428 -0.06798233273108806 0.4940518016555118 -0.25299997777678257 -0.23435833736632772 0.20599221672666243 0.025479432884477352 -0.10487805171128095 0.2481191554270488 -0.009320112555736376 -0.08165134112613237 -0.052063455028052 -0.05522641588223387 -0.00195867428570239 0.012621183541184211 0.002370686742769762 -3.052972615327766e-05 0.0004898527100507788 -0.000486133837192666 -1.293775542616407e-05
0.5826299048962471 -0.014136186693433384 0.467996153040866 -0.09113905170505077 0.08504395919535246 -0.6193504667401908 -0.18846257347477466 -0.3447278893801774 0.48426449006663347 -0.03774189720031301 0.37818528885280867 -0.5165923859952909 -0.02570286401289879 0.0699551184911033 -0.01850149396227651 0.07689730563642451 0.004891626172349531 -0.060725171137400315 0.007797722650150473 0.04170754446749217 0.05244756726081934 -0.023454686170450958 0.016621382292378098 0.004521313731192424 -0.0065326066768324285 -0.001732296444189012 8.327091816874354e-05
0.7427833834580547 -0.01386583429457483 0.6625501257513305 -0.034413984356045965 -0.18273568024676362 -0.2888906234332618 -0.29230518672780087 0.02226157022759263 0.03390845692998599 0.04445417599102962 0.2809610995355337 -0.1973810533206477 0.44778698853973303 -0.07520762859599966 -0.05432399962122081 -0.10589437048533601 0.04733234897279705 0.06337685382856059 -0.03537487354103216 0.017571718877809603 -0.01385855980306448 0.027768022828022473 -0.029892081469751995 -0.0131429881450902 0.015774977766004405 0.002070649512473839 -0.00013753476642590563
0.45062057450118903 -0.010138493389443042 0.3955193418826608 -0.12512402466299077 0.16331846884192086 -0.19590483549000737 -0.006258391345641964 -0.046127267936965886 0.07416094063682357 -0.10569125519312189 -0.037354955519424395 0.083146067250194 -0.182489286773758 0.016110926498104916 -0.2322055375485224 -0.025542862548825533 -0.06896609833827293 -0.1200516590643512 0.034219586440870205 -0.06448875194562585 -0.02132088644418593 -0.05171493045360317 -0.04428928521654148 0.018406170732242398 0.01007153999046932 0.0002161155907863711 0.00019786550256075295
0.5539953190457412 -0.00829911009137559 0.24593251700535598 0.015210224082992455 0.5059582387819372 0.040131041517002294 -0.05709983828318718 -0.20951044048693523 0.00785137988679065 0.2659331879414102 -0.03664976389408896 0.14220047340820058 0.15255165798771475 -0.24407525558028784 0.07478243514162734 -0.17162314528550487 -0.047858723521968495 -0.03472620523002753 0.14502704330793043 -0.06333237796776417 0.07855173600168948 0.017279220143121207 0.010646558961518856 0.0014719686302430942 -0.00032151516650155205 0.00028020702035245755 1.2036379757581716e-05
0.4348835787391442 0.07019765656944402 0.2040884883648834 0.06925115633051811 0.18087925845746522 -0.30266197570013637 -0.2635256551325192 -0.08937052014408471 0.055790306975777824 0.019042960458783842 -0.2265585625569868 0.1224358932325972 -0.336920495074791 -0.20922830502435333 -0.2210589766838342 0.10276424792180444 0.024435872910705494 -0.07881645437654528 0.061228753134615226 0.11017736041953376 -0.021938168846312073 0.05036643054090681 -0.006052557672518844 -0.007502101147540449 -0.0011621178811998985 0.0025588490355089085 -0.0001594348619178204
0.4325589597353264 -0.009424934189455053 0.314841919682988 0.07701361137134921 0.30812605049354286 -0.1586292756328503 -0.19498616220826345 -0.02473578954459689 0.06184000735963853 0.037690845958431377 -0.17150328661636452 0.15724777406609328 -0.053762425435581754 -0.12021468969990456 0.15199681118029515 0.036958540917131064 0.050500658877744464 -0.05879856603614745 -0.01907970879794275 -0.005345817766175674 -0.016221363476619035 -0.06991048909332308 0.006903028296551213 -0.03566348076460708 0.002139936613994449 0.0007811076799708551 0.00025549471719653354
0.4741521750870095 -0.011767645686256411 0.24060724619579707 0.09679387450830712 0.03486663567327033 -0.4483000480251397 -0.07215423953902843 -0.23622505787412082 0.2543124299681967 0.09680875408963911 -0.04197534953117031 -0.07321115793219761 -0.06779060299251664 0.002372407563129527 0.3246991342967696 0.07285308549653066 -0.029938542786910844 0.0698033761948843 0.053100572554410176 -0.0662369656765045 -0.10854851317082466 0.024406376506040054 -0.004755985066953641 0.00900044044825098 -0.002099276933900019 0.0020487583111843803 1.498032067378951e-06
0.4452545615918826 -0.008590016434083447 0.2739911879863099 0.08349975562791974 0.3072037247305477 -0.18228417275463707 -0.2352548931358123 -0.026031001183419496 -0.004003828414473835 0.03183998864064417 -0.22527572700768067 0.11552703369555782 -0.10357187570480864 -0.13417080509283139 0.17060887766338556 -0.05375549117219176 0.11733670949445589 -0.04942344580867101 -0.1281124039068522 0.032099819980616486 0.023140451881806478 -0.005565736310610548 0.027494959161498158 0.02468478548136943 0.011784021462427387 0.0014135967672066852 -0.00023870217167171732
0.710564862117775 -0.006978463533177367 0.5626674430842988 -0.03938890379908981 -0.20010936320632278 -0.47737463662473095 -0.6179739661694473 -0.031239920595182713 -0.457333905279861 -0.12016963854877306 0.0029186160804673435 0.4635311714575488 0.3328047004927069 0.2121155337266706 -0.02655463276586597 0.13688781105931067 0.03493361390905325 0.03716621464245281 0.051244623475134386 0.016564385022208018 0.00769083176011005 -0.013148811620484768 0.011164588566232096 0.008830428659574764 -0.004698866747045372 -0.0005301988794291795 8.994979802774297e-05
0.41208563854812025 -0.009070777579452086 0.3280800673048899 -0.07577232130171903 0.4643495212464504 -0.17567498137861098 0.04726640977885964 -0.04142458332016639 0.1452131335608702 -0.06997298781123312 -0.14764154957770328 0.12943027942257732 -0.035316778941554446 0.07263226801734833 -0.027191163187346788 -0.07642073561384626 0.16306821817253023 0.04726142042099642 -0.07694269210368963 -0.023139702431045506 0.015044035111185352 0.044240869477768195 -0.02182662419797963 -0.0010637869956190273 -0.007558776952258995 -0.003409193425821823 0.0008935696228956166
0.8214243283733907 0.0024330456812852435 -0.7209339171346699 -0.49531572527631956 0.5186015852766318 -0.46902878568696765 -0.07830418799113119 0.8574405434317961 -0.1276355895668112 -0.16417126350890002 -0.378943375130832 -0.41787789295559924 0.0925563333730869 0.05484960443111102 0.05188285244503096 0.0019224281352180881 -0.030384406820756035 0.01940785238972481 0.04625637798695755 0.009269849414837059 0.009430299775632638 -0.0018862198260342687 -0.0018864452615670463 0.0011812566326759898 0.0004863420799247346 0.00026041386149089357 1.0139804113378711e-05
0.6856840105520269 0.04397175936392449 0.6853185010334544 -0.03227078758502166 -0.06207017367312207 0.10545703694923451 -0.021283026490586426 0.26293770385513643 0.010966143093846312 0.06204430886886794 0.022553908199077474 -0.013157513313116603 0.17795961575215538 -0.3996686996731626 -0.11315853791514131 -0.08453543350646697 -0.13665695066378789 0.06275626184841171 -0.0383851210392064 0.03618454084265588 -0.06312716503580099 -0.022358881945438294 0.014401624527217752 0.008969774393648046 -0.010614535938952084 -0.004593618628113473 0.00012103588779873762
0.7969751145196815 0.00850698793943073 -0.17026084352305493 0.37013959141330777 0.6163008690556335 -0.026830191675379693 0.4972648617585893 -0.4070539093334478 -0.6113945194384133 -0.5497738046957318 0.21958734391138676 -0.19962913279386577 0.04729679938942181 -0.1737164539654893 -0.009115467020314546 0.08926137149985869 0.02355904127112617 -0.01689504116519085 -0.0070027888026966125 -0.02271052848013185 -0.015517103943339392 0.007731898091419235 0.0073115322859559065 -0.0013846227695946901 0.0018373057266913159 -0.00017481191317298976 1.8797364489939197e-05
0.5146250263861535 -0.012267465830605114 0.5297378597542263 -0.1887764571131251 0.22652049136697466 -0.08204344619654277 0.1614114543743365 0.06177891682627278 0.09718263887297456 -0.1212305265359908 0.00449076116887092 0.07711118498476888 0.04481942722513497 0.04782464866154157 -0.1226487376305277 -0.06207814174933561 -0.04159522747014735 0.03711954836961954 -0.07113922872965397 -0.04789357837944416 0.013013537888838599 -0.006213631141501309 0.002377215085251936 -0.0013693629141828957 -0.014585998318191237 0.010760781984646774 -0.0002692629719836581
0.8174609394591879 -0.011942771931903486 -0.06628385818547236 -0.3078884491675458 0.4555694251399569 0.15389273295370298 0.1941666782142234 -0.5292980492745 -0.25763835080524045 0.28963730781133445 -0.14055566562975882 -0.08083079168098457 -0.07161995737303994 0.21293132583689686 0.042809787706246126 -0.12350192698542273 -0.08924553828016805 0.1677548727676092 0.010830488882093507 0.11279376511724698 -0.008387771128263796 -0.026807028329032284 -0.015444210811507613 0.002140568789490729 0.00041933056225982576 0.0008034219697888956 3.2680597180808214e-05
0.36056207239699223 -0.007989883718493183 0.3124457224771017 -0.08704979256299451 0.4247799894956316 -0.15572149787163397 0.07151918504670049 -0.05867613255171278 0.14428489344167553 -0.07870128062897744 -0.10007335174481101 0.13153211634316841 -0.022934277122437795 0.08988159522805121 -0.035700843478092575 -0.029754809714110847 0.0997702879510166 0.03831037668659476 -0.011499364685712238 -0.037007416726594376 -0.004141795900404656 -0.0035360463894229823 -0.01722897013664647 -0.006534235284175074 -0.005376674247986136 -0.007071640282042113 -0.0010547803720613142
0.6209483343925796 -0.015850828913815083 0.475664435762374 -0.0482173737236064 0.2475249909014955 0.0762392234743438 0.04064346548054354 0.05576997424876724 0.15928674145334704 -0.08117661690263028 0.013322216975477438 0.028793732429389547 -0.12116531342312734 0.2668239009746746 -0.21334510854994604 -0.09777394950602111 -0.04565359156667728 0.04675747042370369 0.025069805003248374 -0.035435761971778036 -0.043937142500106385 0.0158435576030063 0.06061878921831024 -0.007226397030571485 0.010923917431971951 -0.0010997340419967932 0.00010331461984914913
0.7218409247821617 -0.018034277966493165 0.6770489890580602 -0.24620865407255801 -0.19146032823011747 -0.22364541068576915 0.07284566856004153 0.04568728980484702 -0.05193961825345266 -0.16314385358038777 -0.020557046506552754 0.16177293116340224 -0.19210170685444503 0.02328236882188666 0.14684150231527623 0.07251092426659331 -0.34853342329812953 0.002430248025073174 -0.06794853975997861 -0.009143501001875748 0.052720338162471285 0.02948039283486215 -0.008848248696687405 -0.007953432154121276 0.004043896993932883 -0.002266788445892254 -1.8364095352723353e-05
1.422967368959275 -0.039059764566438206 1.1838332000704417 -0.8844066324241486 -0.83963164192711 0.15927978140299093 0.6645730547981682 0.07325567218838122 -0.11118434566215746 -0.11372935449767556 -0.11723274790748368 -0.067740847575016 -0.11676358081209653 -0.027087416145287705 0.09192688529042448 -0.02724791288870324 0.16969443174975066 -0.03369999969170166 0.05699941106576749 0.014854571528790413 0.007965630092197293 -0.0033274336680889933 0.0031907839310564554 0.00031683258136013784 0.00017039239477510971 0.0002205191634912342 6.824623259355442e-06
1.8738774515199044 -0.0505352113930558 0.6860900267307358 1.1693890064496197 0.11832068843143523 0.8790637796208545 -0.40800524640902386 0.3711863425293638 0.025953662459382243 -0.12087828383480646 0.15073322279139503 -0.11399007417533702 -0.1729534936244044 0.11852699645603312 0.10350873115871434 -0.008338883367076458 0.021643870843488462 -0.0009197856041136533 0.028534634293819576 0.01856979700005187 0.009541036030053891 -0.0007028832719080507 -0.013937247344076767 0.0023731920976814533 -0.0025896025102535433 0.000496892926669646 -2.27771129779865e-05
0.09298048196120674 3.999001783424156 0.004746889681272451 -0.0051457760285869925 -0.015905248309658213 0.02137288029070501 -0.0037389201779506162 0.02204597114261986 0.04566391202252156 0.002676701634263942 0.011765546272907094 0.00445787582918654 -0.05582040501270994 -0.04730450810671067 -0.020586061747390503 0.051151344258165865 0.02025737454030005 0.09712132962427364 0.004908411439646768 -0.01295790733715223 0.014049329076408618 -0.005493000449693975 -0.00013084007454593687 0.0006869613396264329 0.001880138115245208 0.00019390244337188535 1.3952632803904412e-05
0.08252408619487975 1.1818201951387337 -0.04774285680649213 0.010568378170486828 0.016807828890164928 -0.03500690207272771 0.02534724556229632 -0.08119137616587063 -0.13600665917348645 -0.003250670116502081 -0.019626106597185472 -0.013669986146727419 0.19357438156000412 0.19626815115917176 0.09088914562762637 -0.17710409340421543 -0.06257147362381126 -0.3274817888359195 -0.01969042942430045 0.034479703953180015 -0.04297371373784032 0.016353685317338322 7.733526618751043e-06 -0.002313742790702762 -0.005816861114385711 -0.0005975102606977418 -4.351158622603927e-05
