0.14362163841724396 0.2749268412590027 0.2504616975784302 -0.059014830738306046 -0.152568981051445 0.01659434475004673 0.01414803508669138 -0.29575425386428833 -0.5474730730056763 -0.3504408299922943 -0.4504162073135376 -0.40210872888565063 0.17577919363975525 -0.02231638692319393 -0.7240807414054871
0.264614075422287 -0.4484061002731323 0.28210747241973877 0.322374552488327 0.037913672626018524 -0.4372584819793701 0.040183231234550476 -0.15342599153518677 -0.5859978795051575 0.19778266549110413 -0.40440815687179565 0.17926941812038422 -0.45775333046913147 -0.2045634388923645 -0.44330522418022156
-0.04870947450399399 -0.15098533034324646 0.23576748371124268 0.11181498318910599 -0.06386782974004745 -0.46856385469436646 0.34878841042518616 0.24856694042682648 -0.3314446210861206 0.11594105511903763 -0.697544515132904 0.19665008783340454 -0.10618408024311066 0.1324106752872467 -0.3996572196483612
0.7110847234725952 0.20051884651184082 0.25024646520614624 -0.19454115629196167 -0.16569466888904572 0.1339952051639557 0.4033650755882263 -0.2658263146877289 -0.3746865689754486 -0.07983141392469406 -0.08493729680776596 0.19223527610301971 -0.056359533220529556 0.2446548342704773 -0.8347442746162415
0.18364058434963226 -0.04451894015073776 -0.0989886075258255 0.3464379608631134 0.30867505073547363 -0.5098257064819336 0.23678803443908691 -0.20413202047348022 -0.02816389873623848 -0.25680261850357056 0.035260315984487534 0.27082788944244385 -0.12996521592140198 -0.4030202329158783 -0.865542471408844
0.12344693392515182 -0.4989761412143707 0.20809924602508545 0.24370108544826508 0.06424973905086517 -0.06137021258473396 0.08392102271318436 0.1341814249753952 -0.5382318496704102 0.22276756167411804 -0.41826966404914856 0.3687916696071625 -0.1506463587284088 -0.2186824530363083 -0.45721784234046936
0.10848571360111237 -0.4644751250743866 0.36121487617492676 0.42246201634407043 0.018469154834747314 0.3465239405632019 0.3802741467952728 -0.06951973587274551 -0.2794307768344879 -0.18776360154151917 -0.2029154747724533 0.04807807877659798 0.2986529767513275 0.17845699191093445 -0.44345152378082275
-0.15709765255451202 -0.2482530027627945 0.13029912114143372 0.0936296209692955 -0.18456536531448364 -0.24951261281967163 0.31505975127220154 -0.022992894053459167 -0.26487597823143005 -0.055495504289865494 -0.10781417787075043 0.3593703806400299 0.2087690234184265 0.4469185769557953 -0.6064356565475464
0.03365593031048775 0.0804625004529953 -0.18391139805316925 0.019088728353381157 0.1647690087556839 -0.3300904631614685 0.05638108402490616 -0.437014102935791 -0.587066650390625 -0.2579052746295929 -0.29266786575317383 -0.11663589626550674 -0.025270596146583557 0.2889225482940674 -0.510496973991394
0.3325117528438568 0.3250940144062042 -0.1592220664024353 0.141031876206398 0.5080352425575256 0.12976694107055664 0.15845884382724762 -0.11175063252449036 -0.32837140560150146 -0.6213217973709106 -0.39859411120414734 0.4805634617805481 -0.18857353925704956 0.5047520995140076 -0.42793217301368713
-0.21355664730072021 -0.31411975622177124 0.1384369134902954 0.4701579809188843 0.027482647448778152 0.14917123317718506 0.001115327118895948 -0.12127337604761124 -0.15215551853179932 -0.1677991896867752 -0.4585029184818268 -0.25144168734550476 0.014157627709209919 0.05941798910498619 -0.5622634887695312
-0.04629793390631676 -0.42782625555992126 0.2042197287082672 -0.029292428866028786 0.15029314160346985 -0.3548682630062103 0.030981777235865593 -0.0671217069029808 0.05366067215800285 -0.10772214829921722 -0.40760332345962524 0.1302158385515213 -0.05405644699931145 -0.11566200852394104 -0.5762248635292053
0.05449929088354111 -0.20318470895290375 -0.056756339967250824 0.28797897696495056 -0.28129640221595764 0.12636104226112366 0.07527576386928558 0.03314490243792534 -0.08085320144891739 -0.4850040674209595 -0.8038422465324402 0.2171705812215805 0.14200325310230255 -0.22239258885383606 -0.4668365716934204
0.10739762336015701 0.08371444791555405 -0.09891923516988754 0.017529897391796112 0.6963067650794983 0.002233796287328005 -0.07181934267282486 -0.3569389283657074 -0.6978902220726013 -0.608060896396637 -0.4925152361392975 0.35280826687812805 0.06600421667098999 0.2103218287229538 -0.12264434248209
0.6925211548805237 0.20123204588890076 0.15513789653778076 0.05715877562761307 0.4336860179901123 0.37979966402053833 0.17607124149799347 -0.37426501512527466 -0.3354412317276001 -0.41528815031051636 -0.5571063756942749 0.3267918527126312 -0.5262091755867004 0.19003254175186157 -0.24643190205097198
-0.3189254403114319 -0.2367469072341919 0.534856379032135 0.0446203239262104 0.12335270643234253 -0.2718460261821747 0.3403891324996948 -0.35615596175193787 0.10569126904010773 -0.3649486303329468 -0.5032080411911011 0.0016175823984667659 0.11318682134151459 0.05543671175837517 -0.2071765959262848
-0.008458076044917107 -0.3085942566394806 0.32640185952186584 -0.1222335547208786 -0.10645043104887009 -0.3541896343231201 0.6784143447875977 -0.11354425549507141 -0.04353291913866997 -0.2844644784927368 -0.2632739841938019 0.14254266023635864 0.2187211960554123 0.36998674273490906 -0.38681599497795105
0.12089548259973526 -0.17096325755119324 -0.03976953402161598 -0.18250629305839539 0.37255859375 -0.1535220444202423 -0.1856215000152588 -0.3326050043106079 -0.8325204849243164 -0.41999030113220215 -0.395921915769577 -0.20407384634017944 -0.13095156848430634 0.22246158123016357 -0.35184741020202637
-0.13031549751758575 -0.0855722725391388 0.6465878486633301 0.12373131513595581 -0.21810615062713623 -0.3382202684879303 0.3914247751235962 -0.39955687522888184 0.324302077293396 -0.4504139721393585 -0.5202967524528503 0.10568904876708984 0.0687212347984314 0.09574060887098312 -0.316790372133255
-0.3572833836078644 -0.16651880741119385 0.06091606989502907 0.11346910893917084 -0.2614508867263794 0.0928153470158577 -0.09223368018865585 -0.07798053324222565 0.19265884160995483 -0.00988329853862524 -0.391940176486969 0.23167921602725983 0.03686815872788429 0.49643564224243164 -0.7331073880195618
0.30579936504364014 0.5893224477767944 -0.2399473786354065 -0.1288248747587204 0.20486871898174286 0.026892894878983498 0.22069931030273438 -0.14088280498981476 -0.3182067573070526 0.001816997886635363 -0.8702674508094788 0.4035989046096802 -0.18831142783164978 0.35316285490989685 -0.4252774715423584
0.08425584435462952 0.4883098602294922 0.4608202576637268 -0.3114052414894104 0.6640387177467346 0.3418557643890381 0.0685756579041481 0.21868261694908142 -0.4697837233543396 -0.6717596650123596 -0.13485272228717804 0.5607912540435791 -0.09846142679452896 0.1839609295129776 -0.5952175259590149
0.05862807855010033 0.4189126491546631 -0.050738051533699036 0.22156959772109985 0.287925660610199 0.13436643779277802 -0.1097560003399849 -0.19805099070072174 -0.23157899081707 -0.05754788964986801 -0.17331869900226593 0.10617133229970932 -0.7526714205741882 0.8014537692070007 -0.7415041327476501
0.0551486499607563 -0.6380054950714111 -0.20318196713924408 -0.2821168899536133 0.1979067027568817 -0.3179765045642853 0.4490986764431 0.17172837257385254 0.19568900763988495 -0.3834700584411621 -0.6667991876602173 -0.3336118757724762 -0.03822096064686775 0.3657226264476776 -0.46276578307151794
0.00646319380030036 0.36377933621406555 0.052252016961574554 0.7317258715629578 0.4128437340259552 -0.29317793250083923 1.118303656578064 0.10884775966405869 -0.0829135850071907 -0.2580476999282837 -0.38750725984573364 -0.3486737608909607 -0.24026861786842346 -0.4222189784049988 -0.5080128312110901
0.40409499406814575 -0.029062625020742416 -0.050778888165950775 -1.0547263622283936 0.5890553593635559 0.08893317729234695 0.13737937808036804 0.3302833139896393 -0.6183088421821594 -0.41496142745018005 -0.7700594663619995 0.17983897030353546 -0.08545542508363724 0.14410211145877838 -0.43412432074546814
-0.2726651728153229 -0.2098216414451599 0.1950078159570694 0.20375053584575653 -0.45165765285491943 -0.3342282176017761 -0.08730030804872513 -0.17551973462104797 -0.1363050490617752 -0.4281160235404968 0.001674983068369329 0.549609899520874 0.26927146315574646 -0.23803851008415222 -0.89905846118927
0.22255659103393555 -0.6346536874771118 0.9575879573822021 0.06653005629777908 0.18547211587429047 -0.3453218340873718 0.14216209948062897 -0.6046043634414673 0.19828477501869202 -0.6250194907188416 -0.4032992124557495 -0.3367750644683838 -0.6574807167053223 -0.06515214592218399 -0.1943816989660263
0.11453703790903091 -0.5261470079421997 -0.220195472240448 0.23432812094688416 0.32924017310142517 0.4523557126522064 -0.10007450729608536 -0.3065427541732788 0.31546393036842346 0.21099191904067993 -0.32089975476264954 -0.10771100223064423 -0.10423222184181213 -0.20199403166770935 -0.8559041619300842
0.8369601368904114 0.4641345739364624 0.061845358461141586 0.09973438084125519 0.24900808930397034 0.4895552694797516 0.19064472615718842 -0.1353422999382019 -0.3462079167366028 -0.5448647737503052 -0.538722038269043 0.5632160902023315 -0.6802318692207336 0.30763480067253113 -0.5071454048156738
0.2806229293346405 -0.1965821534395218 -0.23495660722255707 0.2674287259578705 0.03845571354031563 -0.15104755759239197 0.19519418478012085 -1.4180848598480225 -0.2732885777950287 0.42890259623527527 -0.8201726078987122 0.3279965817928314 0.26391273736953735 0.03447328135371208 -0.06371387094259262
0.07555556297302246 -0.6123197674751282 -0.27143847942352295 -0.08639895915985107 0.10439767688512802 -0.12842325866222382 0.348971962928772 -0.24682582914829254 0.10389365255832672 -0.10317379236221313 -0.13262026011943817 0.03303835168480873 0.12705492973327637 0.21645767986774445 -0.6581007838249207
0.018848581239581108 -0.5285601615905762 -0.2854200601577759 0.34013617038726807 0.32821857929229736 -0.09766898304224014 0.3983343243598938 -0.3630043864250183 -0.21608464419841766 -0.11236254125833511 0.18913939595222473 0.11374230682849884 0.29955577850341797 0.192799374461174 -0.6252743601799011
0.27193206548690796 0.33933234214782715 0.5005074739456177 0.10996455699205399 0.3548988401889801 0.12995615601539612 -0.17122402787208557 -0.35504651069641113 0.043243177235126495 -0.4757886528968811 -0.31956684589385986 0.29474619030952454 -0.9929777979850769 0.4666597247123718 -0.5059351921081543
-0.4215948283672333 -0.2528887093067169 0.08679107576608658 0.8483651876449585 0.05540495365858078 0.12165722250938416 0.15805771946907043 -0.33420899510383606 -0.28927016258239746 -0.02435578778386116 -0.03840598464012146 0.28334563970565796 0.14578545093536377 0.22797396779060364 -0.46923038363456726
-0.2619689106941223 0.6050226092338562 0.41267335414886475 -0.0842708945274353 0.531303346157074 0.17437702417373657 -0.22391773760318756 0.24023252725601196 -0.5853753089904785 -0.5125028491020203 -0.7927756905555725 0.6064833998680115 -0.06112184748053551 0.13979913294315338 -0.33063891530036926
-1.0102514028549194 -0.356598436832428 0.41511088609695435 0.48105084896087646 0.07020096480846405 0.8679274320602417 0.0819656252861023 0.0247783400118351 -0.08138544112443924 0.4898088574409485 -0.021390967071056366 0.06417688727378845 -0.2928678095340729 0.8706204891204834 -0.6678010821342468
-0.17495687305927277 -0.7274669408798218 -0.8210161328315735 0.03244476765394211 0.4862363636493683 0.3510740399360657 -0.09641776233911514 -0.4505603611469269 -0.12004908174276352 0.19595277309417725 -0.3792809844017029 0.2715516686439514 0.4754006564617157 0.29070016741752625 -0.533706545829773
