2.699110691676771 -0.2867002859659759 -1.820874669718516 0.6154959404931969 -0.5707431578947232 0.031115799910217446 -0.48496823016175356 0.07336442074347077 -0.10842351193636425 0.1433457426166907 -0.07209321407593165 0.0029562956798345726 0.03165945099854853 0.09676591868508276 -0.058320160428616104 0.006995739869956743 0.02596374735455445 0.03194750461880027 0.03512861713022335 0.026694259503727058 0.020766564454342714 -0.019278281925024322 0.0169213159793489 0.003784932279828041 0.0029916164885638785 -0.0014705477688944954 6.38357563682581e-05
1.332633651351285 -0.13491664100491274 -0.482242753427018 0.46237200890045055 0.7842411361398717 0.062130260605812775 0.6643118642329985 -0.7963963530220733 0.16998922005426056 -0.023373836614104873 0.06422399570144824 -0.3492634646909081 -0.03316818009517744 0.03814804873948337 -0.08877992418805565 0.06133169658718784 -0.02409477275007317 -0.0643273161014578 -0.005886455354317888 -0.014670358651631377 0.007782537940145654 0.027954404945850136 -0.011257165803424375 0.0030458546290265238 -0.003701201403450438 0.0015671373157860088 -0.00010025915624265715
1.3858443865825276 -0.14392977602295162 -0.3419577567949115 -1.1815002747629901 -0.32046461692126854 0.24611747550932123 0.2798413150733144 0.2727559818144942 -0.1197877668607888 -0.745738098864716 -0.040381009266663784 -0.0628344344873253 -0.25963382030494125 0.04693364549733929 -0.025434407794897865 0.003042063406220921 0.0035949919418223884 -0.01942999114054254 -0.02441679035156924 0.01507679257110013 0.008010385590070857 0.02064011839907992 0.003869970754332912 -0.0030662107111818437 -0.006789184959074587 -0.00024954201620332926 9.159690173769422e-05
1.2490047437537803 -0.13389178958138753 0.3082949866693545 0.5650000063448214 0.44119486996254287 0.43645000967856 0.1876749468840745 -0.24747849759132254 0.0447484482504852 -0.03198509476288315 -0.17262056029296963 0.2942104149223706 -0.1898710762954092 -0.0759679549209079 0.1693790865159862 -0.21613272493026459 -0.014703453697158553 0.11744404665102177 -0.04544404445097197 -0.009886442864152455 0.012875297512659431 0.0016213274457453385 0.013501515806103113 -0.01550695831121374 -0.0021884996227027813 -0.00032032672632774606 4.8360506116123665e-05
0.7358736583655273 -0.06441920611610995 -0.023318795401050432 0.03988181159718714 0.23256785798495475 -0.6927577457609051 0.7144159982057959 0.5791523428704732 -0.40259593314176145 0.42683481808754176 -0.4857625841720373 -0.03699881693311559 -0.1397553666874701 -0.11688087514461479 0.01409199220039192 0.029587066804469785 0.012845473312776442 -0.03132016074356467 -0.011982078726378284 0.00493486241248508 0.004028534233897304 0.002821956901739655 -0.002938604434616123 0.0010484987284332052 0.00027252506659699997 0.0006792314514381011 -6.314994739507903e-05
0.5506621548979372 -0.041456401879161914 0.42491741325763016 -0.143826501693425 0.06711924968077443 -0.45512546526485104 -0.4045752474110234 -0.5322528059383 -0.7871773084264548 -0.07982332020401148 0.10452702893821374 0.07879848637006004 0.03281919215606205 -0.14019560026777764 -0.00197331303070285 0.04952469331953679 -0.0001455434687465341 0.0037358257011658037 -0.05081992345707799 -0.038247220490544735 0.026480937331919377 0.022655898557523268 -0.006400024620829624 0.004011401419256257 -0.0037153654336649264 -0.008217020550087528 0.00035210395551805307
0.7643187019431686 -0.07243320256978432 0.6578072329486768 0.0760289995593807 -0.3266714131875525 -0.29954129423093623 -0.16468262034604572 -0.24535347874629457 -0.4544633078010613 0.04178973385123202 0.2083347937834926 0.02142117297853144 -0.036324539150193104 0.036865832883692363 0.018406716657885153 0.020987240710612243 -0.06845098736319324 0.032879904919482415 0.010655228926613799 0.0867286578950698 -0.03778636660963114 0.011289697406394765 0.033583705047627005 -0.004530661818202615 -0.007685043406535819 0.011848656419386408 -0.00030055852324945644
0.5659379592150341 -0.048301552093520696 0.48613882541760944 -0.12377078799285136 0.1576106725097924 -0.1370941313181285 0.018148121275637148 -0.02237824414342811 0.1188754235525879 -0.0978574353698926 -0.0012321061497059848 -0.023753721479603144 0.03499531445924659 0.024065554301513845 -0.05540414029195064 -0.010464360193618004 -0.08883411923045528 -0.020889880859278075 -0.12744669333753864 0.04068087206912031 0.059988254004090656 -0.09209123806936424 0.031238780930772057 0.04538987183005527 0.012736487858191514 0.0005863973509380022 -0.00021403301099833194
0.859286961446209 -0.07614385610563326 -0.049025772975151996 -0.2799570522750229 0.013725904567059792 -0.5323619323593571 -0.670431651555924 -0.050261705708061793 0.6378160705851122 0.043396014169099474 -0.0992876504004773 0.09893508797112845 -0.13626410934811392 -0.3537060694795187 -0.09910501006637566 0.004974596464444123 -0.07306117830984958 -0.04867132327541836 -0.018534659461765884 -0.04295547433773624 0.01508098470326661 0.024072912145175752 -0.010801630780356206 -0.009840541662311478 -0.004671988374407076 0.0032091259829866692 -0.00016646696047370997
0.6054272034653639 -0.05325598632117869 0.4004590990409194 -0.23509144042831423 0.47409276596986916 0.12789434794569243 -0.1632662791064311 0.11722705770425415 0.0033826048905500933 0.1367610834239447 0.12374587487038181 -0.11040589339378111 -0.059680809130824644 0.03414022968108441 -0.09002756229088654 0.06331430995162061 0.044640531441326445 -0.01603984683447789 -0.03914861257870955 0.002427888397000785 -0.01807320049122225 -0.010836946808145329 0.06545432884351751 -0.06774520816125444 0.01853108725965748 -0.0016462494988888255 0.000284684851500287
0.40875773990287395 -0.027700485655828642 0.3189892149876153 -0.2438563026337081 0.1529933215352665 -0.15348652533713983 -0.08297640071745546 -0.10160638546559764 0.16235677359708606 0.09124085152308238 -0.043394229620145906 -0.06373586448372619 -0.04453581601260386 0.03432312896570195 0.05344157085363613 -0.004307168249082958 0.09883957508549276 -0.012953656099900812 0.04879226691167108 -0.034401713552012145 -0.016074321139478397 -0.04497274410915621 0.03514010535661877 0.018109820276134288 -0.0135769622240025 0.0013943685237810472 0.0025425119910511785
0.47674545963481973 -0.033067795698719656 0.2518352588337741 -0.2314662152331902 0.12009519627655722 -0.3039551228986693 -0.3252365317446517 -0.2137695540837463 -0.2258563179391276 -0.1849437115018382 -0.13438478165177514 -0.14317824353668462 -0.0202619181614917 0.0872695933702936 0.1022760640414768 -0.16604210366537606 0.0889286036634897 -0.10607432082910688 0.09039468872305492 -0.06687178262488155 0.00551455060259003 -0.03186701920959622 -0.03372887806513985 -0.0035623618542771616 0.018264053992324312 0.0037122455586021245 -0.000541520314061588
0.6267819926658704 -0.055517528066194956 0.47229489236005584 0.05199207563027641 -0.017460851017643185 -0.14864385456177923 -0.24493920352301904 0.07214694990508712 0.1927467562170751 0.0002689529475262586 -0.20658462185300872 -0.22659901814115527 0.13955923509012977 0.08921972920015787 0.14145104014383722 -0.11280113032210393 -0.12485255940550548 -0.11375696465096202 0.008771955092836481 0.09785850365219237 -0.05166224348471974 0.035154328634461066 0.030611564100801767 0.0006924518350767432 -0.007496972459432115 -0.006561832783944761 -0.00011508360921635456
0.5731556971549776 -0.047276976952200324 0.24688845150089406 -0.20689908743539606 0.29235759499783454 0.0024505024474975948 -0.2899631592207151 0.12006739339818533 0.1396850100868154 0.21417350646308178 0.15408109475613843 -0.10206915961242469 0.01013454294756216 0.028832848266139063 0.03366002061580396 -0.03757519430426791 0.2691089244838578 0.0006639994065500848 -0.0979903969709284 0.10137716228989363 0.02681668685452182 0.03737543981948598 -0.03671046481669981 0.010296560463625133 -0.004893448811378902 0.000915206866246458 -0.00028076645115382865
0.4733362893000047 -0.036391146550536525 0.41980088315202485 -0.2849054995647411 0.29717281397742695 -0.16214742644137636 -0.0067348883907434095 -0.14174295950880259 0.13629698787237518 -0.05867721821763203 -0.10597653921396598 0.03327845187975453 -0.09333347151073344 -0.05195262052669744 -0.15761457392414632 0.009840972381736689 0.03861073064327604 0.1365483497720804 0.09023000658192515 0.04891233876854872 -0.0762646526640633 0.036032641764375775 0.01043969746180962 0.04077103943726768 0.01846339568818518 -0.002750148058191803 -8.885803798373462e-05
1.1704192667183189 -0.11206904154363975 -0.5032471487141553 -0.34121484560028853 0.37443341808721664 -0.7894731994390364 0.49397258584082 0.22598647878238304 0.20609731388566596 -0.13486460911761664 0.514509116825142 0.25196432530214463 0.28275724116028245 0.001385232191265145 0.13474397922353235 -0.037635958205610484 -0.00227002630908568 0.020389193219091002 0.01773659980741486 -0.019222338856514382 -0.008929131278525657 0.007089041422472794 0.008119026097261332 -0.004175933055761337 0.0029269183607465326 -0.0004780028807340243 -2.51167226452343e-05
1.003255014953888 -0.1078920311843333 0.8825886545663335 0.11462221631924033 -0.727598338345172 -0.06290806644480179 0.14365603671963237 0.09538078896266836 0.1815734397958889 0.4084651522442917 0.447505901555167 -0.05310505620010158 -0.35400872152175966 0.1782837973608611 0.04198851074295299 0.004301447599306322 -0.036963741637241664 -0.017004193019416865 0.017195113612035438 -0.06509913673786939 0.0053062160169707944 0.004350480054569038 -0.012542899908300879 0.011823825283122043 0.0005332430954116644 -0.003793589099622059 -0.00037019216795907984
0.8383922681602788 -0.08180755653325913 0.2771141027086163 -0.18949446097659614 0.810338509815364 0.40321033978833337 -0.31570988275737816 0.5889543486558074 -0.2731469060474864 0.13604121919527634 0.16137372750390916 -0.22915403335270607 0.1408964140872144 0.028852090142036765 -0.17949039510220818 -0.11119701328994124 -0.09815420202109665 0.057475339388359865 0.013087071055327673 -0.07687340162034584 0.007152244252060729 0.013826716622700866 -0.013441974384649733 0.012109117522621183 -0.009115322288737479 0.001598357747315994 5.236470671559208e-06
0.6193157302536096 -0.05787969465609235 0.6814035224022308 0.06626453144726589 -0.11187593990917422 -0.12498399120485598 0.11742871287235301 0.011688481216432895 0.07166908646332165 -0.04902600498389167 -0.010174870001626613 0.016465180768205183 0.049291815310090574 0.050302892374511604 -0.08164058846190475 0.0018052617436397265 -0.09713339094765108 0.04139916037597491 0.05900344515565576 0.10749670522591634 0.06904605261043996 -0.011964777215846555 -0.08301928653465558 -0.03005875403433508 0.005950874681293726 -0.0006673457999125025 0.0012123085932970225
0.42233347095552554 -0.030585607908525162 0.43152217093157486 -0.26445588360867833 0.29175045566687063 -0.14700109911210058 0.020150659830041724 -0.127452252665839 0.09500019101364418 -0.01519888713151884 -0.07254030614157923 0.01867451919680652 0.006932953822634405 0.00613286159604765 -0.06876250467108637 0.043003923388248204 0.06460731169153286 0.05171623330024079 0.0862538391566759 0.024415759175764124 0.002302839347000847 -0.08986201459659038 0.004157338339881968 -0.018443805398966246 -0.022197946036908427 -0.003691015563042784 -0.00151973669612984
0.9831453788637882 -0.09946001115397085 0.1553868028731509 0.11580892508710089 0.8393595093817204 0.601196770219778 -0.3135344147265408 0.23529426609589565 -0.07945106087095537 -0.02122095384148158 0.053430737667873415 0.23052222828673855 -0.07885256627267298 -0.05768382278242443 0.22371001701350401 0.20639543687652115 -0.03769265897416259 -0.0839059599604405 0.05437476850072522 0.02570882774900667 -0.007762494642009521 -0.00806341613669921 -0.02081411439823202 0.01656206452081216 0.0036032166658889193 0.0005125252321857723 -8.621670352486817e-05
0.6581299487669654 -0.06030422551298316 0.48655682598862504 -0.16732706565114389 0.07431717202614167 0.009057342298345573 0.00392690954272239 -0.1296818781031274 0.07206657755177917 0.07534226301995355 -0.29687767353925915 0.505909457865458 0.1172291390309315 0.3792594073484393 -0.18572228872614896 0.020260424706456615 0.017267636440493988 -0.07955450528170187 -0.028352501352313018 -0.041066035063070376 -0.004435740183030327 0.032752984933754024 -0.0005578612647474161 0.0008271678503890492 -0.003518025743547626 0.0010485699144492237 -5.865603017323919e-05
0.7479833581222153 -0.07093806826572517 0.5693190058292031 0.050986575695404455 -0.17408221635402638 -0.23982145394474993 -0.1972525944769803 0.041944322938125715 0.22523942266231173 -0.16672398628701598 -0.3229345266900917 -0.26053536845802383 0.14929716673964716 0.16375781277670798 0.20143879689582284 0.15356877063490884 -0.006429435297848854 0.15102051293443522 -0.0423013277097887 -0.07982953759515443 0.014979487103549181 0.020290787136087573 -0.006364910190637893 -0.005202946929151493 0.0014356423793372606 0.0015248720888937607 -0.0002072409963088357
1.391338651490454 -0.16052440682010358 1.1720609824149661 1.000054632227802 -0.6349206431229579 0.29716956912397363 0.2945455215864755 0.25152669588169924 0.015836902009259555 -0.33446787975245945 0.02670267599743478 -0.0038388255796426773 0.20555014023479434 -0.25048517588531766 -0.09981738297401428 0.014540644337213068 0.10484391650759989 -0.06137977147485377 0.011148215616314738 -0.029178744214310937 -0.016326626097214015 0.0004113930265254095 0.008457498415052885 0.002559097520861115 0.0004959478701064509 9.09466343290825e-05 -1.535797782223907e-05
1.1094148973754383 -0.11699771485698679 0.05408362294792281 -1.292216763323079 -0.5759553810992597 0.6709309850834031 0.2951815580698049 -0.3583174432005898 -0.009259434602680975 0.4962842089251207 -0.0960270011095909 -0.006474901768517467 0.23747182863671876 -0.17421016025338099 0.06741081289460318 -0.00592556721511986 -0.017125460793485193 0.0018103993264729158 0.0071816619215843685 -0.008473899156683517 -0.0023835251369108356 -0.004445230055445737 -0.004968941784366112 0.0002210987775058424 0.00409769296181583 0.0006963587838637583 -0.00010491625900552854
0.5082992400915332 4.125313706503886 0.04268424940930595 -0.0015883081045645277 -0.0009915396010531726 0.02016109210641502 0.01346449098302199 0.005224782271592859 0.006424698504086239 0.0025082531339250167 -0.0012876195227810516 0.001176969249124651 0.002793702673292268 -0.003304412643602936 0.003831318806756604 -0.00022075903877512128 0.004403655849962488 -0.0011705669120146878 0.02047102514267464 0.0021540928863801705 0.027990245472775534 0.01103913307457645 0.01345774076013643 0.0017478529500059728 8.178584613931317e-05 6.708608820290237e-05 -5.319635712471173e-05
0.653803784576208 0.735202501814243 -0.2749936588853324 0.06852831007712391 -0.05766035488788786 -0.04129920387682091 -0.04404744894623895 -0.014704534512318063 -0.030376805297580287 -0.0200839398656391 0.01589908331014682 -0.002269285591661125 -0.013931429986930977 0.013266544400293538 -0.019654550733950074 0.0013304537113486507 -0.025052560924040394 0.006889722259005792 -0.10712326885289031 -0.012843637549132968 -0.14577722772259707 -0.05647189205929372 -0.07000530705015238 -0.009302296717266359 -0.00045071781037533417 -0.0003322686771337657 0.00026417438472719617
