-0.4486810266971588 0.31277501583099365 0.16728422045707703 0.22325019538402557 0.4821397662162781 -0.38192158937454224 0.05143984034657478 0.2272735983133316 0.2591261565685272 0.1840713620185852 0.11234420537948608 0.38402116298675537 0.08914166688919067 -0.23931068181991577 -0.018512746319174767 0.4414766728878021 0.11166241765022278 0.5132558345794678 0.15141038596630096 -0.14848592877388 -0.13778576254844666 -0.15457342565059662 -0.04826509952545166 0.45131000876426697 -0.1415552794933319 0.016779398545622826 -0.21499103307724 0.1883137822151184 0.4131697714328766 0.21242839097976685
-0.39446136355400085 0.18750539422035217 -0.09029607474803925 0.41256099939346313 0.1252339780330658 -0.45966553688049316 -0.13206404447555542 0.1212218701839447 -0.08868422359228134 -0.14156612753868103 0.22711609303951263 0.29662004113197327 -0.2429632693529129 -0.12603211402893066 0.03233695030212402 0.18738821148872375 0.24311520159244537 0.4961079955101013 -0.014657944440841675 0.039470020681619644 0.1352764219045639 -0.5616421699523926 -0.2010553628206253 0.652576744556427 -0.008527424186468124 -0.07292564958333969 0.10337597131729126 0.3480687439441681 0.35052016377449036 0.40602031350135803
0.6852935552597046 -0.6580641865730286 -0.26042434573173523 -0.05272600054740906 -0.11510053277015686 -0.057721707969903946 0.14356139302253723 -0.37377557158470154 0.046615783125162125 -0.4842259883880615 0.060048896819353104 0.10077526420354843 0.17254894971847534 0.452881395816803 0.4362190365791321 0.7361424565315247 -0.1680356115102768 0.1581171751022339 0.0988105833530426 -0.389640748500824 0.06223803758621216 -0.7253894209861755 -0.11327794194221497 0.4865718185901642 0.3915439248085022 -0.3042866587638855 -0.25348398089408875 0.2399444580078125 0.7350751757621765 0.29874953627586365
-0.3975532650947571 -0.5049794912338257 0.31611743569374084 -0.08205299824476242 -0.07051344960927963 -0.2346876561641693 0.13370783627033234 0.6229154467582703 0.10883636772632599 0.006312038283795118 -0.280149906873703 -0.07372584193944931 0.6766117215156555 0.46502092480659485 0.6378883123397827 0.6411336660385132 0.3161051273345947 0.6005899906158447 -0.08886147290468216 0.10364372283220291 -0.2501305341720581 -0.379366010427475 0.000228740245802328 -0.2524549663066864 -0.46716973185539246 -0.24388188123703003 0.5190600752830505 -0.37746918201446533 0.16538958251476288 -0.3190978169441223
-0.004251168109476566 -0.16809991002082825 0.059359725564718246 -0.04823902249336243 0.17465953528881073 0.2402573823928833 0.17809994518756866 -0.01108850073069334 0.27314120531082153 -0.21693302690982819 -0.12990298867225647 0.4985027313232422 -0.29898494482040405 0.05746639147400856 0.29823100566864014 -0.059154633432626724 0.3083653450012207 0.22840683162212372 0.5572249889373779 0.26379066705703735 -0.2956000864505768 -0.32103097438812256 0.45533499121665955 -0.2128416746854782 -0.5723602175712585 0.7710515856742859 0.08528073132038116 0.09812573343515396 0.2847856879234314 0.47136056423187256
0.3189442455768585 -0.12115040421485901 0.34211117029190063 -0.05814994126558304 0.32738351821899414 -0.4516397714614868 0.4395652711391449 0.32423368096351624 0.08426495641469955 -0.23156191408634186 0.25915688276290894 0.6165468096733093 0.43179312348365784 0.4581224024295807 -0.22809098660945892 0.17917050421237946 0.1131269633769989 0.09737919270992279 0.3187901973724365 0.4010730981826782 -0.423147052526474 0.041997186839580536 -0.0633917972445488 -0.1482512652873993 -0.23989778757095337 0.5354068279266357 0.29886478185653687 0.030032582581043243 0.14146023988723755 0.16213005781173706
0.5274367332458496 -0.17884376645088196 0.4264252483844757 0.002578186336904764 0.41577017307281494 -0.46291986107826233 0.3766688406467438 0.25666049122810364 0.005829999223351479 -0.2750658094882965 0.3430340588092804 0.7686406373977661 0.3908531963825226 0.5962345600128174 -0.23098202049732208 0.27602773904800415 0.19762176275253296 0.08536782115697861 0.46956437826156616 0.5597983598709106 -0.45677822828292847 0.04612975940108299 -0.056957390159368515 -0.1007990688085556 -0.33985278010368347 0.5683090090751648 0.39413759112358093 0.2648092210292816 0.12481439858675003 0.29968586564064026
-0.11787281185388565 -0.14555935561656952 0.07420185208320618 -0.0462997741997242 0.14631929993629456 0.21389688551425934 0.1434931755065918 -0.02214566245675087 0.39514490962028503 -0.2635008990764618 -0.24303662776947021 0.4147935211658478 -0.33971667289733887 0.06760409474372864 0.3440859019756317 0.03648485615849495 0.38044437766075134 0.25957024097442627 0.5333185791969299 0.18860147893428802 -0.29707881808280945 -0.44143375754356384 0.42427587509155273 -0.1699928194284439 -0.5553407073020935 0.7739821076393127 0.08857054263353348 0.003806438995525241 0.3335851728916168 0.41799694299697876
-0.341936856508255 -0.3037465512752533 0.2859257459640503 -0.015781858935952187 -0.06548886746168137 -0.24842314422130585 0.27184438705444336 0.5055640339851379 0.30583056807518005 -0.13888929784297943 -0.24355632066726685 0.06077532470226288 0.41342833638191223 0.29361867904663086 0.47660690546035767 0.3259236216545105 0.26025301218032837 0.40918970108032227 0.002369844587519765 -0.12397360056638718 -0.18736939132213593 -0.4303929805755615 0.0174421239644289 -0.14878758788108826 -0.2881840467453003 0.0946178063750267 0.265292227268219 -0.4966663122177124 0.1576218456029892 -0.2336602658033371
0.08510048687458038 -0.25180700421333313 0.270031213760376 -0.20370130240917206 0.38375234603881836 -0.39587581157684326 0.6970445513725281 0.2604237496852875 0.797804594039917 0.09306005388498306 -0.2524726390838623 0.28307777643203735 0.12952932715415955 0.5936365723609924 0.2756187319755554 0.6064079999923706 0.09545831382274628 -0.38410308957099915 -0.3089340627193451 -0.48588377237319946 -0.48159515857696533 0.4650472402572632 0.43983522057533264 0.4077647924423218 0.3478427827358246 0.6209026575088501 -0.49102574586868286 -0.205797478556633 0.37663981318473816 0.22862420976161957
-0.2661947011947632 -0.35692599415779114 -0.6196224093437195 -0.1864769458770752 -0.08399368077516556 -0.8754065632820129 0.6552543044090271 0.5539830327033997 0.34904325008392334 -0.6923434734344482 0.4997580945491791 -0.2844046950340271 0.12523923814296722 0.049512241035699844 0.1806054562330246 -0.34087127447128296 -0.12318406999111176 -0.03886997327208519 -0.2892836630344391 -0.24030104279518127 -0.5302804708480835 -0.47467026114463806 -0.4109098017215729 0.26097172498703003 0.38522249460220337 0.8163290619850159 0.1352912038564682 -0.6403533816337585 0.8781872987747192 -0.13272583484649658
0.4780591130256653 -0.7965689301490784 -0.39414864778518677 0.16082969307899475 -0.14716596901416779 -0.5189499258995056 0.35907623171806335 0.08787110447883606 0.517681360244751 0.0235502440482378 0.7045572400093079 -0.1641205996274948 -0.49101677536964417 -0.0008025130955502391 0.8165519833564758 0.2021581083536148 0.20439554750919342 -0.5771881937980652 -0.12544585764408112 -0.025943009182810783 -0.7717501521110535 -0.7733352184295654 0.21196651458740234 0.7349447011947632 -0.5882546901702881 0.40652841329574585 -0.05972139537334442 -0.05774138495326042 0.25628262758255005 0.16008210182189941
-0.2788812518119812 -0.2461072951555252 -0.19312995672225952 -0.05791584402322769 0.01839449256658554 -0.4396389126777649 0.4052903950214386 0.3565150201320648 0.25462937355041504 -0.24270008504390717 0.23263081908226013 -0.15320292115211487 0.18910129368305206 0.12058606743812561 0.27034899592399597 -0.04572982341051102 0.01151316985487938 0.2428637146949768 -0.07477205991744995 -0.2028777003288269 -0.35402387380599976 -0.2746686041355133 -0.17508652806282043 -0.016481924802064896 -0.05213592201471329 0.31540948152542114 0.1615549921989441 -0.532015323638916 0.5085703134536743 -0.15293312072753906
0.34799960255622864 -0.4114731252193451 -0.21763992309570312 0.1864968240261078 0.5333783030509949 0.1527424305677414 0.41509515047073364 -0.44172054529190063 0.33493342995643616 0.033472925424575806 0.6291140913963318 -0.2365034967660904 -0.16341300308704376 0.651655912399292 0.8098680377006531 0.42111310362815857 -0.12580296397209167 0.7368905544281006 0.48397696018218994 -0.3587426543235779 -0.9379957318305969 -0.07264764606952667 -0.28741300106048584 -0.11887601763010025 -0.7380529046058655 0.24327422678470612 0.2710096836090088 -0.33153724670410156 1.0652393102645874 0.09174343198537827
0.0018638827605172992 -0.20763270556926727 -0.08014382421970367 -0.0529644601047039 0.05564865842461586 0.2273050993680954 0.15330395102500916 -0.01975778117775917 0.2714245617389679 -0.17204873263835907 -0.1273549348115921 0.36229902505874634 -0.4142588973045349 -0.013680877164006233 0.39435645937919617 -0.10805942863225937 0.22784434258937836 0.17425060272216797 0.44132789969444275 0.2117352932691574 -0.30373749136924744 -0.41329219937324524 0.3707689940929413 -0.13022306561470032 -0.5896679759025574 0.6511831879615784 0.06892187893390656 0.0758926123380661 0.2798103094100952 0.3931887447834015
-0.22933949530124664 -0.14016112685203552 -0.07987561076879501 0.08450491726398468 0.04473419487476349 -0.11501716822385788 0.35467296838760376 0.07808864861726761 0.41339024901390076 -0.2642958164215088 -0.06186703220009804 0.28552278876304626 -0.3273099362850189 0.16460056602954865 0.378535658121109 0.019148023799061775 0.2934149503707886 0.11207621544599533 0.15113672614097595 -0.18919186294078827 -0.31679990887641907 -0.3041544556617737 0.28026315569877625 0.29308611154556274 0.018658272922039032 0.8076969385147095 -0.11839216947555542 -0.14460156857967377 0.5060296654701233 0.4663788378238678
-0.4246864318847656 -0.17826350033283234 -0.003424203721806407 0.0726390928030014 -0.03652177006006241 -0.2194511741399765 0.23938588798046112 0.102956622838974 0.3625050485134125 -0.3101308345794678 -0.08662287890911102 0.01719953678548336 -0.262728214263916 0.09082162380218506 0.3248409330844879 -0.06962291151285172 0.38443663716316223 0.1507977545261383 0.08184055238962173 -0.17846772074699402 -0.12679995596408844 -0.3729218542575836 0.24040351808071136 0.10616656392812729 -0.02738766558468342 0.5769730806350708 0.059494491666555405 -0.3798743486404419 0.31439927220344543 0.22912707924842834
-0.24409691989421844 -0.18822184205055237 -0.06129157543182373 0.033112745732069016 -0.04997691512107849 -0.21758808195590973 0.21697580814361572 0.10364292562007904 0.3206663131713867 -0.2388078272342682 -0.06353079527616501 -0.004973527509719133 -0.13775204122066498 0.14379796385765076 0.28908589482307434 0.10955747216939926 0.2320065051317215 0.09580212831497192 -0.0642407238483429 -0.21627479791641235 -0.0943182110786438 -0.3369242250919342 0.11904574930667877 0.23038147389888763 0.1034872904419899 0.3475894033908844 -0.03069271333515644 -0.23062385618686676 0.35826724767684937 0.18673186004161835
0.028074221685528755 -0.24015837907791138 -0.1372309923171997 0.015445654280483723 -0.09230507910251617 -0.21599940955638885 0.16456671059131622 0.009455110877752304 0.14903542399406433 -0.2825621962547302 -0.037090811878442764 -0.04673463851213455 -0.02204115316271782 0.18119366466999054 0.22456464171409607 0.28397488594055176 0.03054763376712799 0.07245855033397675 -0.18335093557834625 -0.3121616244316101 0.048198599368333817 -0.4421667158603668 -0.10818292945623398 0.4369688928127289 0.355909526348114 -0.021726733073592186 -0.14098531007766724 -0.00448165088891983 0.4134564995765686 0.09718397259712219
-0.4069535434246063 -0.2036890834569931 0.035963717848062515 0.04598380997776985 -0.08699972927570343 -0.45231202244758606 0.29678797721862793 0.4058278799057007 0.2829928398132324 -0.2879317104816437 0.005984732415527105 -0.04318711906671524 0.15021389722824097 0.18908721208572388 0.2891177833080292 0.02380194514989853 0.19199343025684357 0.19565226137638092 -0.13263589143753052 -0.16360673308372498 -0.17397765815258026 -0.34260544180870056 -0.0685143992304802 0.11157649010419846 -0.0460427924990654 0.26495835185050964 0.20677794516086578 -0.4285475015640259 0.23784926533699036 -0.13040705025196075
-0.06860343366861343 -0.1801733672618866 0.1316794753074646 -0.15136589109897614 0.2033204585313797 -0.3540682792663574 0.552108883857727 0.2580360472202301 0.5839117169380188 0.027181440964341164 -0.12068802863359451 0.11011506617069244 0.005166952032595873 0.3876001238822937 0.2260030061006546 0.29816102981567383 0.12935911118984222 -0.29700520634651184 -0.28288665413856506 -0.32702040672302246 -0.36676648259162903 0.2666698396205902 0.2731422185897827 0.27100589871406555 0.21154077351093292 0.5274952054023743 -0.2543732225894928 -0.28114670515060425 0.2782098352909088 0.08718065172433853
