-0.32062554359436035 0.035664740949869156 -0.5330874919891357 -0.21509069204330444 0.019304897636175156 0.039814818650484085 0.4115457832813263 -0.511272668838501 -0.18731312453746796 0.3335874378681183 -0.0021385513246059418 -0.36662113666534424 0.02586226724088192 0.11345052719116211 -0.26015469431877136
-0.23775775730609894 0.041892338544130325 -0.1222713366150856 -0.5720821022987366 -0.24548569321632385 -0.2160126268863678 0.38677477836608887 -0.1794540286064148 0.15383456647396088 0.22374653816223145 -0.033471737056970596 -0.21114949882030487 -0.33667823672294617 -0.21302896738052368 -0.4066237807273865
-0.4747641086578369 -0.012132781557738781 -0.0755481868982315 -0.3253546953201294 -0.3022615909576416 -0.36593523621559143 0.6403359174728394 -0.3351060450077057 -0.18393559753894806 0.016526464372873306 -0.3277757465839386 0.08970337361097336 -0.2887710928916931 0.09977812319993973 -0.5307503342628479
-0.3711837828159332 0.06553622335195541 0.1624649167060852 -0.2958222031593323 -0.24592064321041107 0.04691091552376747 0.4127935469150543 -0.5730839371681213 0.03401566669344902 0.10175212472677231 -0.2082289606332779 0.10234463214874268 -0.1603093445301056 -0.3812226951122284 -0.6459299921989441
-0.48859232664108276 0.1115584596991539 -0.41770139336586 -0.3101864159107208 -0.41631078720092773 0.11840103566646576 0.2871609032154083 0.2848973572254181 0.027474958449602127 0.26134297251701355 -0.2668413817882538 0.11939626187086105 0.12883853912353516 -0.360607773065567 -0.0571291483938694
-0.45833921432495117 -0.4758756458759308 0.1217302531003952 -0.09550052881240845 -0.6313171982765198 0.02017800323665142 0.5696951150894165 -0.5617357492446899 0.15932919085025787 0.15336941182613373 -0.3569100797176361 -0.3571280241012573 0.2904067039489746 0.4477531313896179 0.2584182620048523
0.10780507326126099 0.19944734871387482 -0.33417412638664246 0.0331527441740036 -0.5074091553688049 0.013131551444530487 0.35557594895362854 0.2260545790195465 0.3316493332386017 0.4909513592720032 -0.2512723207473755 -0.2361219972372055 -0.18922066688537598 -0.18140240013599396 -0.18901416659355164
-0.03743310645222664 -0.028901416808366776 -0.2697089910507202 -0.042441677302122116 -0.390193909406662 0.06241026893258095 0.11998944729566574 0.027895765379071236 0.1413879096508026 0.4941568076610565 -0.25882914662361145 -0.2791701853275299 -0.1581103503704071 -0.14746026694774628 -0.25398769974708557
-0.8328266739845276 0.08328722417354584 -0.12968359887599945 -0.14377887547016144 -0.17755839228630066 -0.04789220541715622 -0.0648743286728859 -0.04461473971605301 0.3762778341770172 0.3195662498474121 -0.017382822930812836 -0.1527591049671173 -0.009173804894089699 -0.1552635282278061 -0.28357934951782227
-0.5641564130783081 -0.11032252013683319 -0.016266290098428726 -0.23539556562900543 -0.10138741135597229 -0.3802642524242401 0.09916950762271881 0.030978888273239136 0.5361448526382446 0.5485996603965759 -0.29934000968933105 -0.20739510655403137 -0.020922020077705383 0.4373169243335724 -0.31152573227882385
-0.4471224844455719 -0.06327107548713684 -0.02013995498418808 -0.013784052804112434 -0.06308503448963165 0.2699812650680542 0.18506412208080292 0.07760826498270035 -0.1652320921421051 0.4326871335506439 -0.38866126537323 -0.20019805431365967 -0.27053138613700867 -0.05405176803469658 -0.3288336992263794
-0.3715679943561554 -0.38147011399269104 -0.40582141280174255 0.7127634286880493 -0.4628145694732666 -0.293291836977005 0.2583339512348175 -0.4367247223854065 0.24170458316802979 0.3029813766479492 -0.0012804318685084581 -0.18460385501384735 0.1091623306274414 -0.3731226921081543 -0.30764609575271606
0.11296886205673218 -0.1870768815279007 0.535226583480835 -0.1846681833267212 -0.6309944987297058 0.14537566900253296 0.061290446668863297 -0.3507504165172577 -0.4359267055988312 0.7759274244308472 -0.40156248211860657 -0.11843975633382797 -0.2031206488609314 0.181033194065094 -0.21690772473812103
-0.34598037600517273 0.31114324927330017 0.32855281233787537 0.2371787130832672 -0.035853561013936996 0.030934644863009453 0.4807403087615967 -0.2263842076063156 0.14000162482261658 0.6632599234580994 0.04092850908637047 -0.14463655650615692 0.17349395155906677 0.15384666621685028 -0.3745017349720001
-0.55985426902771 0.08993643522262573 0.2770324647426605 -0.21994785964488983 0.0931791365146637 -0.015599790960550308 0.27582424879074097 -0.27069833874702454 -0.07349999248981476 0.6852306723594666 -0.03086637519299984 0.11696946620941162 0.19246794283390045 -0.3490394651889801 -0.1404065191745758
0.02535913698375225 0.34544897079467773 0.005753693170845509 -0.025876866653561592 -0.15693193674087524 -0.33166733384132385 0.16161978244781494 -0.20323923230171204 -0.13049659132957458 0.7108534574508667 -0.4002096652984619 -0.2191842943429947 -0.18975190818309784 -0.11304596811532974 -0.40490972995758057
-0.3433084189891815 0.39829695224761963 -0.2061881721019745 0.16662070155143738 -0.37437108159065247 0.3480474650859833 0.1973390132188797 -0.10035821795463562 0.2278066724538803 0.1402188241481781 -0.22616353631019592 -0.40737560391426086 0.2089049071073532 -0.2325497269630432 -0.4295445680618286
-0.41573366522789 -0.25730204582214355 0.06561915576457977 -0.14864763617515564 0.31446024775505066 0.8404403328895569 0.6515095829963684 -0.06088624894618988 0.46462175250053406 0.319410502910614 -0.6800416111946106 -0.21839819848537445 0.2484540343284607 -0.26766496896743774 -0.1689794659614563
-0.9256318807601929 -0.5929534435272217 0.07036863267421722 0.09257286787033081 0.1894560158252716 0.40825003385543823 0.1753157526254654 0.6727058291435242 -0.4901486039161682 0.5088908076286316 -0.22883592545986176 -0.5283385515213013 -0.5650275349617004 0.13130074739456177 -0.4416176974773407
-0.7494741082191467 0.8130086660385132 0.32004737854003906 -0.25436896085739136 -0.5999916195869446 0.5934920907020569 0.3858010470867157 -0.1315772980451584 0.10892540216445923 0.33792418241500854 0.3032238185405731 -1.1112587451934814 -0.16585247218608856 -0.7032619118690491 0.6881284713745117
-0.5686657428741455 -0.012258223257958889 0.16124768555164337 0.615798830986023 -0.733022928237915 -0.13724543154239655 0.23278775811195374 -0.20104411244392395 -0.16486294567584991 0.260733425617218 -0.5418012738227844 0.20400245487689972 -0.019278237596154213 0.181768000125885 -0.45227694511413574
0.11160451918840408 -0.7555950880050659 -0.17419616878032684 -0.6537707448005676 -0.30756932497024536 -0.047915391623973846 -0.3549589514732361 -0.05137373134493828 -0.20328526198863983 1.0401612520217896 -0.6280898451805115 -0.32832637429237366 0.2006213665008545 -0.36853471398353577 0.4090579152107239
-0.7527999877929688 0.17006175220012665 -0.16952906548976898 -0.3673626780509949 -0.6324187517166138 -0.14895132184028625 -0.49109023809432983 0.18944621086120605 0.18902131915092468 -0.162142813205719 -0.15850500762462616 -1.0042088031768799 0.3770357668399811 0.3484768569469452 -0.648527204990387
0.2883013188838959 -0.48555392026901245 -0.14661557972431183 -0.4504377245903015 -1.0086925029754639 -0.2613166868686676 0.6300137042999268 -0.10884131491184235 -0.4603064954280853 0.2713737487792969 0.4407917559146881 -0.1415403038263321 0.847575306892395 -0.012969768606126308 -0.27188926935195923
0.2752741575241089 -0.7110210657119751 -0.1759118288755417 0.30264514684677124 -0.31154218316078186 -0.19467830657958984 0.6544289588928223 0.4567157030105591 -0.24529707431793213 0.6413648128509521 0.4385652542114258 -0.28661197423934937 0.5086960196495056 -0.1966317743062973 -0.5767155885696411
-0.3831275701522827 0.6459779739379883 -0.3238101899623871 -0.1997094303369522 -0.1652667373418808 0.20856879651546478 -0.3596554696559906 -0.48181140422821045 -0.2565785050392151 0.5980210900306702 -0.8656114935874939 -0.30219537019729614 -0.12401243299245834 -0.3010220229625702 -0.027483679354190826
0.142764613032341 -0.7695834040641785 -0.1618366837501526 -0.2773977816104889 -0.30897796154022217 -0.16697748005390167 0.16407139599323273 0.45481884479522705 -0.0767860859632492 0.8839817643165588 0.2970617115497589 -0.0794924721121788 0.42196542024612427 -0.29816505312919617 -0.4173768162727356
0.2547229528427124 -0.25085797905921936 0.3378939926624298 -0.1923673301935196 -0.46832790970802307 -0.11667491495609283 0.5076727271080017 0.5180263519287109 -0.3416944146156311 0.8766899108886719 0.7651395797729492 0.09860145300626755 1.0015286207199097 -0.025951232761144638 -1.1324275732040405
-0.4820327162742615 -1.276835322380066 -0.25624409317970276 -0.14408543705940247 -0.41139864921569824 0.10781998187303543 0.16633526980876923 -0.1467577964067459 -0.41673675179481506 0.6271533370018005 0.16178210079669952 -0.2830899655818939 0.046617213636636734 -0.6374251842498779 0.5100402235984802
0.20752796530723572 -0.26434993743896484 -0.15392236411571503 -0.44326356053352356 -0.3724712133407593 -0.35512131452560425 0.21300816535949707 0.21079401671886444 0.1063743606209755 0.9600892066955566 0.3289250433444977 -0.20036232471466064 0.5180122256278992 -0.5420178771018982 -0.011693696491420269
-0.19897909462451935 -0.7745285630226135 -0.27594131231307983 -0.1433708816766739 -0.3100503981113434 -0.3401575982570648 0.23795455694198608 -0.1433779001235962 -0.26767465472221375 0.5417506098747253 -0.04064587503671646 -0.3710203170776367 0.3131861388683319 -0.2241833359003067 0.13666419684886932
0.029194066300988197 -0.4582694172859192 -0.13605272769927979 -0.1364910900592804 -0.23676295578479767 -0.5528493523597717 0.27646687626838684 0.40006962418556213 -0.20223022997379303 0.8016263842582703 -0.022797884419560432 -0.30255261063575745 0.20951229333877563 -0.46482959389686584 -0.16466718912124634
