-3.7361362261644095 -0.44150589548609426 -0.9816731274971998 1.1805158453980433 0.5666203970195759 -1.1243288101914246 0.2801559002677792 0.28254601997573714 0.5604334956220933 -0.836135952046238 -0.797565302365396 0.7171285867993998 -0.6368712218496432 -0.879113915823243 0.9306983356052217
-1.0428767349737587 0.3683575601062381 -0.2648110770413421 0.4127250337249971 -0.6997649894139278 0.10898948567029973 -0.17389485783700592 0.15686851619010447 -0.8864549690127618 1.3016141006884712 -0.7765005596003425 0.30102801144633395 0.1491596900768038 0.38540188452469626 0.9480560247160654
-1.891743566954795 -0.4785441870869554 0.29634976912795324 0.921823079772731 -0.07074713859051834 -0.4577851870761238 0.17400642191489377 -1.76451662653516 -1.4734279100462075 0.5798517719925391 -0.22663410984743998 0.42089658776649513 1.5803210680283732 0.08884615954165777 1.4478521278670724
-1.8389482238793171 1.1904052080352248 1.1757251384658052 0.4900413852311886 0.223001617474839 0.20584752217520547 -0.5239269237646262 -0.8787284323941352 -0.942004375422775 0.8046521049121227 -0.4533201359476477 -0.42135273032162324 1.5778187120263445 0.7501566217975848 -0.5003592337597548
-1.49035993559277 0.3618801726502176 -0.8297658615337353 1.2458526877794907 -1.625297803563521 -0.7073028837699944 -0.2194469843784616 0.6035850753138915 0.03668616998631321 1.7247429844838025 -0.3419607701190748 0.7428663393505406 -0.4308610012757213 -0.618140236417463 -0.24884462315908473
-3.472418094879364 0.26061678427790996 -0.8737668332296783 -2.3554502988833774 1.1335090285444613 0.18000257453722956 -0.633145151706786 -0.8992769601640213 0.8426401530041736 0.8478419215309749 0.033561602499739045 0.43850541063818377 -0.7901615634202526 0.3471037884219176 1.5502763640449035
-1.2438876078576042 -0.8471674717527922 -0.7877904674198651 0.7519680659900403 0.7554775653629991 -0.38264202949210685 1.684207234891221 -0.9317095617567972 0.03209939522521656 0.3279697024493614 -0.2885875150118584 -1.3628712272422134 -0.24218736154706577 -0.5929136964958791 -0.5573819823051087
-1.5598215680968037 -1.6434155469580871 -0.38776851667287393 -0.7526386224483826 0.16752789304610138 -0.9952649202385097 0.008746333023257707 -0.7757145409103062 0.8306854892299084 0.4631270749239348 -0.7362524484166666 -0.47169579627487634 0.9587554912890467 -1.4209183513575652 -0.20809849963399565
-0.46804570548965185 -0.8484618332211081 0.2686905655044318 0.12828910166113333 -0.006407905906366968 -0.32523582282470465 0.29166273724386843 -1.0213952937367201 -0.07257827961373356 0.5222513012617018 -0.46446370560803996 0.0870105877275437 0.9403495639457097 -2.1336740891788493 -0.19605590328171005
-1.6261370913156137 -1.463222153823908 0.1701462553794186 1.7208526717933343 1.3570108745826173 -0.9614349455364448 2.8479512387469055 -1.3200475196322439 -0.05102071313034808 0.26807048682302603 0.892487198588521 0.7668502591578181 -0.841893439568369 0.9396518530206098 0.024173008977697533
-2.5592117564608747 0.19274963999914213 -0.6599778365364076 0.07440299039306418 -1.9577458825455119 -0.9141023175734501 0.7807191662475272 0.4701193536437518 1.7776505914298752 0.3363053998804821 0.42228014607228803 0.031197998374293105 0.13134357544785827 0.32703895646157816 -0.22914556295519306
-1.922901878189779 0.17929295871980008 -1.6853180658631404 1.1084360174678536 0.5454480436083142 2.3264582405044747 -0.22858565431716035 -0.8725800568460598 0.13448401823827785 -1.0177755484063944 0.08201347621466251 0.48549806139726054 -0.13461658709280183 0.007053540533630423 -0.09925966014224441
-1.0083236835218619 -0.03718617219832282 -1.6920604800548449 -0.4185589145116491 -0.6897003119100227 -2.5338729266324975 -1.5010114222284838 -1.1918694839298951 -2.3582119833370387 -2.082561777498491 0.8641708679699209 -0.6505617299020126 -0.5340010243055726 0.1555503226184915 -0.15319366237314572
-1.6942768730892541 0.35697430719808676 -0.4622389512867508 -1.6094080422878834 -0.2605951209865933 1.8399407023757177 0.9506132559296979 -0.2312840551928486 -1.5621094988725084 1.1013273842058757 -0.4352495574536307 -0.7119112891163718 -1.5096246521377172 -0.347898386939485 -0.5103524177798696
-1.9446528423160376 -0.2982400842128764 -2.047528765799048 -1.3029871498516217 -0.458009523908344 -2.325697600719986 -1.1732555430149945 -0.3492501079090442 -1.3796858684055664 -0.6655505162099569 0.43697749895179944 0.32154815749225435 0.04039802814494851 0.03225791286837869 -0.7203512016387635
-1.303533239487709 -1.6321705111016045 -0.5932901318141068 -1.7612198319665637 2.0879400535585977 -0.9046816528052533 -2.082739031596742 -0.18553117579901357 1.1250605055853455 2.175604308051884 -0.44341104577963353 0.4437099827234651 -0.4969721125499194 0.8012565010947992 -0.6002028993594456
-0.5632122573675039 -0.5479878690862755 -0.2866827345256615 1.156658123468318 0.9264461356236474 -0.8533221554022282 2.0771408274053607 -1.8034306796305817 -0.29696355613383085 1.1136543213059893 0.3474226897700852 -0.6258404015087403 -0.28705607870490285 0.5548801213303078 -0.5174904060017806
-2.8273112197802037 -1.3517783017357377 -1.6049218628814528 0.02804002598570463 2.855408574024721 0.4637132489834724 -0.753701403116696 2.011131264358347 0.2317641829614022 0.7971553709185717 1.4727195729519964 -1.6560959936326574 1.1063152811788082 -0.13607378745887266 -0.0004751298855624781
-2.6100612162342887 -1.9454069965879435 0.4674696257791508 1.2893247498314588 0.05386715122031813 0.6998678726249081 0.5605382203160949 2.8298551203424114 -1.4087415361947293 -0.38113172678277085 1.9179498916949178 -0.5168397369448131 -0.15984837189770945 -0.1759120178778323 0.49825381019866216
-3.3097726202439794 1.1210405456147268 0.26676208828867953 1.268777584274067 2.550569118528231 -0.9050561623708339 0.2292212630638176 2.04595268702041 -0.5205316374293423 -1.3219515501993206 -2.5911959121490744 1.3409340470226145 -0.02002359940757943 0.14067842581935633 -0.5874003005305711
-1.3508568593015278 0.5413265900147738 -0.16065749616607025 0.7328860515791599 -0.6577665994842475 0.29281531962739266 -0.4045159684075761 0.07398841432104804 -0.6681043082162074 0.5605541466600823 -0.36664587786166974 -0.03864042382949541 1.4407349689845372 1.2907080633000185 -0.17730933337740243
-1.7423138976058354 0.10423402353157811 -0.5510194727502836 0.5386321159253502 -1.6404687167347294 -1.0440694058842575 -0.12615492447326487 0.3480334348374044 1.1206407775115512 -0.22095329695411398 0.207136473461336 -0.965277190137477 -0.42739905975720743 0.4383351730021773 0.8754778548567778
-1.4739299713037952 0.4294080798225987 -1.3819425967663779 1.3926463033743768 0.014071192150357376 1.9846272466073724 -1.1934548507809197 -1.271654848191315 0.6805637987315478 -0.8261291700855761 0.25216535715958294 0.27483342865430005 -0.039551357933339776 -0.02570885797719479 -0.40829782827873684
-2.267335511654693 0.6424502836213893 -1.0133906803301178 -1.4611506909418763 -1.4000526215740892 -0.3795393971840354 1.4881842596826564 0.5717662589936755 1.174852533490196 -0.3444555036621536 1.7674598568360707 1.7705849740805024 1.1900719593703326 -0.02500012950264875 -0.3778650823104907
-1.3801252386336023 0.5877368621104279 -0.1301048968703302 2.098061412560105 -1.7854781022489532 -0.3002172584127729 -1.2837761023791576 0.27564198472596657 0.17408150106205328 1.6487112602617 0.17998265492853388 -0.25160820612326706 -0.8210198933523076 -0.3352403923713194 0.15898115748040187
-3.317595072586128 -6.5470820668255225 3.4096090976318414 -0.4698187906093365 -1.3910850121457972 1.0163162987933023 -1.0327479223847982 -0.5059184780583807 -0.17770477588984668 -0.7319684195220226 -0.1884632355097272 0.5941498291860599 -0.26097196243063264 0.22645582613812087 -0.32181616446343797
-3.148632430072463 0.2040867190865013 -1.6477254643609398 -1.9232069219697325 -1.4371073332746538 1.6092914100441664 1.5103217029586526 0.3073799965247005 -0.48508732927040205 -0.15996722231436927 -0.7124156708732576 -0.24034570556804868 0.4575635834628688 0.18949368502072572 0.009671275631057706
-1.8908673915950736 0.5526046646250249 -0.3561488752401725 1.4503695933415626 -1.5523729135086477 0.1513485028076041 -0.7356074105398189 0.6769549309246717 -0.6238356135251988 1.4211717074609052 -0.2382537837533036 0.2903273595318478 -0.2987094335066058 0.09230634305592156 -1.212664490103834
-3.1533211911545442 2.8416164115364815 2.800881831730267 0.7484093533889298 0.15625246214625238 -0.5801224885267803 -1.1562556441936147 -0.4204166788636229 0.31043446613368764 -0.19918328874786212 0.09660615733890267 -0.9976613755514485 -0.27089739312141026 -0.2627218009988878 0.5308078966005781
-3.854933648353401 2.927134542261218 3.0385130310684203 -0.4953930474736556 0.6072103040284431 -0.5882687537405539 -0.06370125875865928 -0.7288618572131474 1.3068787253314473 -0.6227017719300023 1.571838052775389 -0.16072872109998426 -0.08817127171976065 -0.11886359740063246 -0.8241066618155705
-3.700627416353495 2.3570399113785987 1.2777131472443113 -2.0931298404956316 -0.15988889030568093 1.0478651055951367 0.9457189007532498 0.14859967273616695 -1.5445419100328732 0.07788597986342138 -0.42014807668897963 -0.10561580404584686 -0.3295087079589035 -0.31623805263665494 0.023237668977254645
-1.689312285339989 0.4143243888674977 -1.6852436830952782 1.3906178345870408 0.2992386703677231 2.482704115151071 -1.2670551467456745 -1.5543011790361223 0.7456928739983222 -0.9029632862899644 0.338971361283497 0.0549115764251878 -0.03404158843485501 -0.0994715935133582 -0.1416692815016081
-1.4552882021863485 -0.9580328627337572 -0.4622927719505381 -0.16658992154497956 -1.3426019445836241 -0.43485007579340107 0.7144288544120794 0.24390837989016026 1.6699835950167603 -1.3823587893296307 -2.268826137570795 -1.9358693654317387 0.21009037930651486 0.8239112677156449 -0.11621044416014237
-0.14350318166684933 -0.020521203765431366 -0.03384551213617283 0.11517290832284924 0.17866114921888188 -0.16951302264521675 0.05511065697677076 0.15198174633545541 0.021623488426618345 -0.21825531391913935 -0.4911152312408431 0.16183688403212992 -0.04049210555213721 0.0032316613792617377 -0.05342972507874008
-0.6132967527613185 -0.5205888876924144 -0.10400003502624647 0.09479388151924276 0.2103165096092151 -0.2902581070061919 -0.05240816631637351 -0.21376092979441305 -0.25967141432279545 0.07644486690249036 0.16551904686553934 -0.25197807682679263 0.01849279266319802 -0.05040063347705664 -0.3161477812210321
